10.6910713051
3.45838574499
3.76589877686
7.28632068518
6.47770041438
6.75321160506
6.7047919031
6.97667814387
5.76414623573
3.75633593786
9.82092946935
5.54221799406
7.81392316532
2.70956361645
7.27415542023
2.07299616701
6.77956724127
4.68149008569
4.51624824247
3.63779525167
5.1415127832
3.03897909722
2.63279896522
6.41916410551
7.95704901855
2.88244017706
3.8858778283
1.98697968934
6.78681244182
0.402877617084
1.49312791311
4.9632056439
4.21403180583
3.97377992026
4.63524326878
3.23460845487
5.86203622633
5.96644968733
3.80071303457
4.80056629564
4.18972048851
6.10956030452
4.78075807852
6.37612414351
6.86585905124
3.91311926423
7.91718869253
4.9541684188
6.50988636299
7.33241220904
4.57844300939
6.30043185134
7.14304182313
6.14661886221
6.28581612776
3.65995074808
5.44200528943
5.87874570613
6.12374947889
1.36766252676
9.02090693519
4.51560382192
6.24887080384
6.34130035669
6.68748495851
2.74322394693
5.39975267665
1.71647308195
3.22563683808
6.20408498912
5.24228862127
-1.43065037582
5.47950133562
5.15237420631
9.22300629904
8.10901618083
4.44991678912
6.71566994279
7.2436997119
6.46418152468
6.92140630938
5.33726030841
3.38762126509
2.72991017647
3.12604109256
5.02977225651
4.77751939766
4.12364019726
2.31230732596
2.69641354303
6.44920196207
5.10350309432
6.33360354368
5.62728105437
5.67435402392
9.75160005343
6.66028910606
3.7433798874
4.04704874476
5.61973226117
6.02780482022
9.52140931772
7.27527395951
3.74488987531
4.49273028935
4.19345250425
4.68861210458
1.3913655968
5.27326053766
5.77281139339
7.06573427059
4.10708635441
2.37707467199
8.71512099122
3.51297719301
5.59369043996
7.55014083936
3.87269549976
6.55490101164
-0.925576923522
2.43849680135
4.59127848568
2.94931762473
5.29876362993
5.74473898837
2.75633437113
4.85073397877
7.94765038831
-1.06567312902
6.37780721624
2.88215318214
4.29865874629
7.14029388041
4.507582233
6.31518864789
7.63464517226
5.62125978035
5.0990483395
6.71571711317
5.75713375885
4.47418323074
3.89328839768
4.01363685864
3.65344935654
4.94725157053
5.44948216
0.703654008779
4.43538930789
0.771120434369
3.04695748399
5.74081746205
3.99006390892
5.50753897626
4.99966021888
5.98235724385
6.34703191233
6.32905625814
7.21332448718
2.79145945023
2.76269669926
4.06738212814
7.33737574782
5.43796426631
3.79914530822
5.84384300181
4.17668091837
4.2286602204
6.27368589325
3.33838226072
4.11421904071
3.89642280667
4.49309672539
6.5525149975
7.18578796878
4.78230152419
6.511536172
4.18465485234
5.06058338225
6.79524966233
4.7870393962
5.76281458506
0.211348647569
6.37743687315
5.69121051968
6.08499839936
5.6274073848
6.56334441905
2.72265687566
-0.162091731069
6.19946982043
4.85372480895
4.91125449386
5.64158884825
4.34911330249
6.31172699481
4.83979870363
2.52182227619
5.33046748713
3.42023698093
4.84424208532
5.46238978334
2.53778160071
2.30594998452
6.49351074263
-0.777898548731
5.06954305419
6.00199062859
6.7989270244
5.02257567219
4.57519373393
3.12240414653
8.90109672712
5.31636129185
2.46151042203
6.11845401362
2.7860698837
3.44252069525
5.17369955685
7.011229624
5.88107096942
4.40531184966
8.45126492393
3.25425167392
5.60779429806
8.23552158334
4.53518987445
3.76001279779
4.22811986949
6.1126123835
3.76443966576
1.66882503137
2.000394111
6.33216620708
4.16403129619
6.23720390964
5.46024255539
7.39214398773
4.09182735192
10.4396180495
8.13516907039
5.69522586031
6.88236812644
3.56279617281
5.79437482253
8.03618423579
5.90044160319
3.0402416437
4.11525980759
7.08604502655
7.62433527409
2.94962021469
5.05797801353
5.74244769684
5.91941652522
7.97851201275
6.01313558633
4.25799432428
6.03986168462
5.27848973218
4.50803462287
4.2120216361
2.3934927692
8.05789656187
1.20093829125
5.62733847186
2.41806350255
5.96418872729
8.91320918586
5.92070642
5.46140763376
5.33231457208
3.75621389288
4.37222797652
3.3696684608
3.41011093582
2.14847150153
7.57965904538
8.5310620665
2.62447906941
3.48002123245
2.76204302096
2.53068590816
3.05914771203
6.34566869468
6.381533155
3.17415253129
6.14127571278
6.65164715947
2.30473586559
3.72333765726
2.6607761319
6.3136136542
5.02926832296
4.50900410474
3.68921683714
7.75327545952
2.80194329288
8.07821276932
5.30272924751
2.84929106097
5.83683620329
4.20469270107
4.72132022527
4.8910202473
4.28191437811
-0.414689396925
6.62583086099
1.74109864556
5.9122345133
2.64870053688
4.67155020482
5.46264097056
5.99459101353
3.80560114371
3.83756132207
5.00843955544
4.89938127273
5.40664846992
7.94196587879
2.81901882847
4.61376902701
7.12631438773
8.45959671627
-1.10582099313
2.63522179475
5.33356447354
1.99835563698
6.09798676304
1.93296278757
4.17657646379
2.34076008583
5.42795233756
5.61788470345
2.65019461251
5.93179545873
4.22463210397
0.985008783148
6.4884754863
5.62444356754
4.23866287868
3.17348405178
3.95201002933
6.55431538028
5.50049351044
4.56916006177
5.56674100304
3.22425455417
6.46192432334
4.54104319623
6.11838983427
4.92671539729
5.57496712216
3.26495807004
4.22043859106
8.1093207174
7.94968563005
7.71095233298
6.28817397
8.59831442846
8.95886353761
3.89694403825
5.82401925643
7.20068175689
3.34714603343
3.16720410137
6.35918529223
4.51078015635
3.23886935173
5.60224194349
3.10869051625
4.84721037828
5.32552209308
7.45178528434
6.49112915605
5.09899451657
4.52192411342
4.84230378315
2.88371171386
5.35199270445
3.51475153979
0.720470779572
5.79329220343
5.19805879438
7.55384201396
6.00116802426
2.47090287539
7.69012028171
3.83672578096
4.80713032069
4.65053486857
3.45629839988
6.08482123688
4.01859052537
5.86124876098
5.77684980268
4.9595100541
8.46019854024
7.40230559352
5.76870176145
5.75815996338
3.61376816633
3.96626096584
6.72074474176
4.86381543884
5.98386472916
5.2071744992
4.52975955223
8.40703056337
4.2242828325
3.30035641104
4.41338501544
8.06515486379
5.93308295412
4.20589038958
7.16917707338
6.5071765646
3.0967104892
6.32751139542
7.07694839132
5.14540705511
3.75506656054
5.88052462789
3.65380561987
0.836077670611
7.25027327615
7.18190428733
4.06130832015
3.41456187803
3.5304176442
5.14483571631
4.416860101
4.24539010166
4.70414144754
7.98903684416
7.60990095149
4.01459580487
7.1731217529
7.97485174929
8.86971262724
6.29975485441
6.63398856446
3.39965363807
5.22536353898
2.64828058104
5.49636083865
6.51796574524
7.42653203675
7.14536308884
7.31714212397
5.96205605046
8.6017929002
5.06457508617
5.76973665394
1.78173287556
6.66685963312
1.84648206528
8.0785013968
6.78782718714
6.17136046124
4.16869712646
2.73923043457
3.72435901225
4.58610493138
7.063801276
4.72561006552
4.20940161656
4.19363126365
7.73385271443
8.15307628607
3.65799392945
1.8063791376
5.27501878147
2.64131060492
4.91064150044
4.28044309971
2.59881382726
0.140821211356
2.61239497604
4.79695920787
7.97988043114
4.47198372261
3.97935205646
3.39714847671
3.15851016417
3.95594560616
4.54918655162
3.39133989485
3.41107480914
2.99459716042
7.26397865699
4.22130523845
7.70032116175
4.62357101836
4.38281717928
4.94782249061
5.30480015665
4.32501315937
7.14345092901
7.89561520153
3.86448482055
5.15565225738
8.45492428778
5.72985246247
2.71437907448
6.33932842301
6.2120287562
5.94055670634
6.20820159442
5.68260811331
8.1165971069
6.86519249859
6.67434454655
7.64548670269
6.13766911909
2.92725921946
1.82407328672
5.35197738159
6.89358290096
6.10471678253
5.11123375954
5.87440291425
4.57964318563
5.12614396412
4.20477557053
6.4746414366
6.38283899616
3.13827452515
7.59697565468
5.82644197392
3.99349784048
4.75628933175
9.43821790146
1.77063525578
6.13334770936
8.39610968602
4.25689105748
2.94808855824
5.52473372337
9.11394482302
6.27337892298
3.32795961974
6.60589532894
5.1968511864
3.55264539506
4.3611928238
7.50687806762
3.64245745787
4.31487727343
5.3491199084
6.51979338731
1.76000156258
7.0759577578
5.15691223513
2.0806435837
2.19935150769
3.28529832474
6.28091020686
3.00571691727
7.85329704566
5.88533244341
6.41025388165
7.22825117124
4.3668039429
5.18387326903
4.50221426867
4.50956578609
4.52697408141
6.74818810375
5.02597042484
5.67471615154
2.49266489121
3.11070364147
3.75832160724
6.34959371316
0.52528530399
4.39321407243
4.83284114889
5.42971141303
7.38895665692
4.99906535142
5.18045301932
2.93736104041
8.18024131669
6.36781554478
2.77671261685
0.575081999151
5.94248864783
5.90444419332
5.15981241485
3.72899673424
3.69212652236
7.97999594991
1.65185539919
5.33326794753
4.86421144582
2.33179543415
5.72350316813
2.32474864976
2.79201829887
4.705155125
2.78651453016
0.357519493671
8.88350983422
4.42248527528
4.18788063253
5.85370162905
6.59112581539
3.42299341293
5.36802923357
4.75978091348
4.06989779193
8.00099472047
3.17177621935
7.00340998918
3.67299648176
2.14273414126
4.93436683806
2.82968264821
4.23259555979
5.51009697854
5.97608115676
6.24956567536
0.365693987503
4.52637837586
4.52828264558
5.50670302354
6.50335321306
3.19348444897
4.20088341968
4.72452088872
2.9396611068
7.07796183646
4.45043587625
3.92280964855
3.80717444802
5.14188731227
5.78139628209
3.44420723292
3.93030951153
5.19315092531
3.48459832535
3.05729932387
5.07174616081
7.10635403245
7.92820315759
5.50180110726
4.8686702933
6.74048535412
2.41070632501
6.41064987281
5.58081626292
4.03050423534
5.5596762807
7.30566251978
4.6050060079
5.34319937354
8.10337770214
4.3616953829
6.94694513595
5.75869424745
3.94535666724
3.89442123452
1.59467240141
6.59323113119
7.89043058538
4.81036708781
3.89828213927
7.80313062558
5.46713041689
6.47643929192
3.78921642084
5.27277939986
0.206506253945
6.88415479488
6.93847011486
5.06268747632
6.14894609262
6.85360960313
4.90949294535
6.51131249592
3.70265155306
6.38839416787
7.84114354417
5.8620985739
3.34531056876
6.93797255887
6.3508498515
2.96811463624
3.46802042445
5.33362302788
1.43078999653
8.29791059641
7.93984941381
4.343245736
5.46747403225
3.93784427654
3.58058625458
8.73190751916
6.03452943259
5.25295961972
1.30261014075
1.97345106315
6.05661882772
6.79138952954
1.60601465999
6.01949055106
4.99231049843
5.01207771986
6.11393581189
7.53453580462
7.13939901395
2.06053006125
6.12094625495
6.31275753757
5.54833347165
4.61049794311
3.12043097195
6.49862853863
6.12621024546
7.95975288676
7.59589637307
6.58125995515
5.74667330247
4.67371928073
5.28969470999
7.77557114966
6.41392857322
7.46863988565
2.58606007808
3.86872753973
4.83706931874
1.51049356912
7.66895455587
4.21668865377
3.75784547289
8.65416134353
6.3370256412
4.54785043382
2.09392711054
5.15798425926
8.87665107335
10.0963959995
4.47872482779
7.65273037648
5.30788194473
10.0335316657
5.29562267706
4.09210325934
7.52896476471
9.85492658246
3.25433136474
2.77722711168
4.35167464897
2.65508900474
4.20923386296
4.89094997077
6.42538126374
5.90093167778
9.32995793582
5.33097268156
3.49329568088
3.05923650999
4.49105105492
9.01050497097
3.88542131574
6.34398139891
7.05901592528
5.08149196287
2.87264087474
7.58944197538
7.01126625098
5.7961413136
8.19647611242
6.19316343462
6.69870881775
5.12671795517
8.05930133797
5.32258282933
7.79853211805
2.8592486631
2.27519710317
5.2203576448
9.3875488704
6.43125381694
3.8052779627
4.40921052969
1.65640016053
8.54383605402
4.33046487726
8.88799650187
1.27181428289
4.57448283728
3.34801993417
4.21277892886
8.27604100345
4.18692387501
4.02204195621
6.67574220879
6.99387017401
3.88230148254
6.86149845542
5.05751816752
6.7906447925
6.22004177695
5.13696643377
5.90218065263
5.80964929927
6.65253831816
4.11221584092
2.99994798465
3.0933368298
5.89860151415
4.10973997664
2.93423448467
8.08627160175
4.70170232635
6.59411358094
5.55626185542
5.0793866597
6.21500100365
8.22238585858
7.13717801354
3.90134043596
9.31895218208
3.29777468232
4.36082471376
2.76660630023
3.99746231764
5.88740290406
7.04638903677
6.04320725854
5.59102047213
4.48419058341
1.14131928809
4.73711422616
4.5675368961
2.77378282586
5.57277190109
4.65120167345
3.93060469373
7.96491753208
7.19053401164
8.32471592471
7.34088617173
5.79103332019
6.77332492915
6.20111974027
3.44216112408
7.64078188138
6.63689244152
10.5236992866
7.17879740318
4.81108312003
3.38836111582
6.70929770897
6.22868953383
5.43398295222
7.47557348604
2.15909356865
5.58765499978
4.07129800201
1.32162310087
3.09582684553
7.57301727646
4.47920154922
5.09702875783
8.00613455486
2.85605185975
4.51185168564
3.88632940046
2.0218744217
3.74525577278
6.42131190656
5.03130924027
6.38292953102
5.08484206462
2.62203857233
5.23791484524
4.13582814405
4.23062095794
6.0720874107
7.22362420888
2.27088638573
4.22906079822
5.23390772496
7.86776050428
4.28760875393
3.20280089318
5.5217070594
5.70346742312
4.18412586417
5.61690313684
6.47208390033
1.65432037446
5.9436466158
5.93277834546
2.5882161341
4.21899248587
4.28884074548
6.33684926176
9.83387638058
5.12110314077
3.66401076094
5.16284279753
5.98433841489
4.42151525819
6.49473525526
8.47464532936
1.00099382176
1.45948312857
5.12792373876
5.95729141804
5.23725881795
6.50142919184
4.08854434269
7.18407144325
5.24278245652
5.64505577594
4.17745378562
6.68380297259
1.76952103437
4.6842285982
6.39110775213
5.62083478654
6.99882822278
5.4074697077
3.17674901577
5.38231237163
7.54282432931
4.3571360879
3.03592730558
-0.233155890432
7.16475207332
5.24311280826
4.64720732514
1.36096115569
4.93905961967
4.88979571144
4.76265866038
9.67287022862
4.00299261282
5.33472279001
7.12288451145
4.19803372934
5.76292796263
3.65686816521
5.58812184493
7.12854463641
4.68041339169
5.40272214242
6.86942358624
5.4061292552
3.53789948604
5.69693162609
8.46363694587
3.85986326326
5.41013212581
5.80191879463
4.79425012496
4.91956740814
5.69246247842
6.70771895507
4.18202941157
4.84529838213
6.71027462621
4.47041786496
4.57696266264
3.74269414424
4.80185267947
1.90285193916
3.71750041078
1.19012701148
5.96901932449
4.3761289986
6.48966094189
4.71583992988
6.13233089358
5.02663093424
3.21984770194
4.50588033036
4.9287607585
5.86734218999
5.61209756228
4.44150274407
5.07696951831
8.86174157935
6.65803244659
2.02850217226
5.61150614841
3.06775091996
2.11225636215
7.78856342479
4.90903162933
2.35604855505
7.75894567588
7.84685838739
2.57730146546
3.45451562539
4.08775751312
5.94260466184
4.69126840038
