1.262549
5.061031
8.175741
6.183195
3.558675
3.220144
7.149583
8.868530
6.208877
0.348958
2.344748
4.675105
3.268420
4.548871
3.708636
5.940490
4.988049
4.056611
4.788247
4.355801
3.458084
8.585203
6.382036
5.684938
4.051360
5.326033
1.701111
3.035847
8.209967
6.037703
7.745969
4.103737
6.399789
4.909411
7.075975
4.812643
3.200480
5.616082
6.984050
6.917602
4.184287
5.472235
4.295340
3.570297
4.091184
4.836942
3.022829
6.036956
4.173488
7.060180
8.001775
7.077759
5.078422
6.859497
4.627598
6.971090
2.255947
5.425070
7.846980
6.479744
5.977158
7.470710
0.789837
4.246315
1.849721
5.156059
6.827042
5.809329
6.357161
6.587003
4.214952
6.005935
5.054815
7.515034
6.699275
6.739774
6.719254
6.804549
3.302648
5.117926
6.843182
6.032166
3.796788
3.858424
3.004577
5.935169
3.109475
6.700050
5.972673
5.614597
5.394555
5.329746
6.759072
4.759701
5.380164
1.029363
6.017682
3.732581
6.082809
2.041499
3.919854
5.429587
2.032739
3.243345
7.561559
7.507662
5.113478
4.771056
7.463232
0.437019
2.217607
1.067907
6.928075
3.106757
7.719830
3.798455
6.687660
4.678178
4.967475
3.528141
6.320037
8.177238
3.446752
6.121388
1.913862
6.700005
5.718876
3.932215
5.512809
6.875606
2.564087
7.894040
0.000000
0.673654
5.991730
2.236439
1.347108
5.409506
6.380484
4.977266
5.668389
7.613276
5.027229
5.531842
4.716283
2.069217
5.060109
6.641700
4.777760
5.136996
5.228737
3.489227
6.177873
8.278121
5.607946
3.171676
1.389734
8.914310
8.145129
3.399921
3.715518
5.260519
9.035290
2.775634
6.086521
4.081599
5.562276
2.242997
1.406020
4.907471
4.711197
7.052855
8.157356
4.948935
5.609183
7.232553
5.607426
6.357180
5.324693
10.299980
4.797751
2.783604
6.624561
5.305202
5.795070
2.778671
5.681519
9.348522
6.783831
1.413361
2.899369
5.576075
5.781188
2.976977
3.604510
8.165823
5.107860
6.941095
2.459209
2.687093
5.479077
8.053353
5.895758
6.713786
6.026918
6.248721
5.661855
4.079235
3.436301
3.600232
4.660947
8.204472
8.628039
4.978145
7.392991
5.072215
3.923538
4.110130
8.995971
6.818275
1.773232
1.672981
5.312662
3.651142
2.865659
5.031983
1.036771
4.517606
5.583598
6.459280
4.278042
2.742861
8.514240
5.722682
5.258724
7.297425
4.992501
6.092751
0.602361
5.943339
3.906723
4.972826
4.552552
5.782882
4.501639
3.833703
4.851898
4.039638
0.683000
4.386717
5.994003
2.304857
3.294946
7.922697
6.825678
3.782884
7.636725
7.963923
4.762059
3.990025
5.695065
7.081333
5.541721
6.707007
5.578709
2.317078
5.788501
4.191202
6.002154
4.738586
7.882269
1.504480
4.768451
2.578238
4.332327
7.297268
7.131938
2.802569
4.516178
4.008440
5.107202
0.621279
5.153680
5.446395
2.043468
5.778549
5.079351
7.061677
4.876476
2.820427
2.987293
5.201397
4.683269
2.531198
6.370431
5.978693
10.596352
6.984343
7.245236
7.623217
7.838539
2.022489
4.704328
5.187370
4.620321
2.072238
5.267278
2.141339
3.204918
4.433873
4.542964
4.241166
1.891519
1.968926
6.769140
3.672379
6.244588
3.456622
5.290685
2.517418
3.095980
4.267928
2.800559
4.247566
0.116979
4.761758
3.741302
3.863438
4.920769
3.228777
6.481268
3.629717
5.071005
6.445395
4.773130
6.645656
0.000000
3.355456
5.655627
4.264178
5.978237
5.389041
6.648148
4.960481
3.743956
6.411363
6.217504
6.382632
6.006567
8.325398
6.148481
4.510161
6.863574
2.541132
2.447546
1.781601
4.462813
4.018541
6.999654
4.443175
6.389281
4.672330
4.886115
2.477247
5.591143
1.724734
4.857015
9.344400
3.998050
8.629820
5.993101
3.495756
4.500792
6.331586
6.905411
9.121487
6.592143
3.463167
6.220252
2.651605
5.519032
5.709047
7.478917
5.184014
3.119869
5.096335
3.819745
7.269398
3.872454
4.851091
4.615390
4.988942
2.860858
2.920381
7.894003
7.539014
1.205982
6.083148
6.458055
6.626516
3.077259
1.363708
2.883204
6.374251
4.826525
5.953491
5.794966
4.674615
3.038685
1.685432
3.174694
5.131279
6.752444
5.287458
5.922432
6.502680
1.849938
5.283997
4.549325
5.852662
6.269577
2.010243
4.935595
4.413183
2.936888
4.445176
3.695728
5.913907
4.396261
7.895666
2.201286
5.202956
7.665195
4.955828
5.880701
2.776456
4.962650
5.904816
5.399129
4.095184
7.302696
3.505105
1.305461
6.142858
5.224796
6.452595
5.322726
5.391345
5.209981
0.712831
6.806676
7.652103
2.650666
3.778463
6.201297
5.920488
5.872878
3.919838
4.897737
3.856063
5.300220
6.847196
5.561419
5.210054
6.851599
3.374815
8.377488
4.857480
4.522111
6.522679
5.857980
7.122887
2.112629
3.006245
3.254463
7.268539
4.574025
5.394862
3.570593
5.163403
3.554751
0.000000
3.277174
5.978105
6.459643
4.715097
6.700560
7.633161
3.181391
2.133668
2.296996
4.439407
3.656132
4.687510
3.237911
5.098171
4.485198
5.235047
6.373082
3.708130
4.633718
5.861301
3.803932
5.113474
4.137970
6.832302
3.601777
4.884979
6.352888
5.231093
7.848011
4.104414
6.673687
1.783232
3.942559
5.591220
2.864591
6.348308
5.608674
5.461199
5.431806
8.098865
6.657299
9.047565
3.768037
2.120807
6.612246
5.106449
4.447872
4.183669
2.672411
5.062297
3.954405
5.637285
3.603651
2.127197
5.015562
5.284442
6.684102
2.820048
8.616791
9.174633
6.361018
3.729756
3.645193
4.578543
5.662423
7.927596
3.419746
7.424839
6.782685
3.969760
6.064969
6.135287
6.689826
4.296373
4.911416
5.017318
2.684479
8.948348
5.434411
7.355061
6.983187
3.673586
7.664778
6.167606
1.604780
4.352650
4.235161
1.353407
4.096139
2.803099
5.299151
6.533114
4.575440
2.732713
6.296520
6.762206
5.932800
2.675324
5.746322
2.991205
2.532659
3.930060
2.465964
7.031041
5.210262
2.214759
3.597812
0.863398
5.701586
6.704301
5.450549
2.004047
2.881358
4.383074
5.598325
3.216586
5.722332
5.918532
8.822331
3.172842
5.121156
7.268014
6.797127
4.892113
7.394908
1.398236
3.368475
5.580007
6.094942
5.448990
7.444970
4.430414
4.173045
1.968193
5.321907
8.277259
8.557143
4.827124
8.030786
5.347823
5.869819
8.819803
6.602489
4.738056
3.357634
5.478997
5.193989
3.820348
8.097617
1.808258
5.669277
11.101159
3.630406
5.791698
2.104614
5.588834
4.935843
3.749594
2.763724
7.839798
3.191715
5.414648
4.594615
4.753671
6.433561
6.671543
2.555523
5.719913
2.087915
6.836955
5.281568
5.470448
8.781384
4.240214
7.744791
8.485949
8.645134
6.828258
8.823025
7.470503
7.572201
4.412352
0.000000
8.154414
7.568082
7.001861
6.263511
1.041502
5.880575
8.998339
3.861009
6.662459
6.686251
5.977678
2.488760
4.070187
1.384767
5.869995
2.612588
6.408989
4.407129
6.345418
7.632936
9.570437
5.331609
3.263232
1.778609
4.757766
2.441939
2.338924
0.814880
2.431349
6.456931
6.080640
5.135315
7.798465
3.398198
0.036531
2.627937
6.781054
3.722143
3.310328
2.851318
6.120887
3.963891
3.153846
6.230532
5.946125
3.272320
3.784090
4.875367
3.773137
5.386171
6.061461
2.558882
3.359433
5.827838
7.167769
2.829531
5.248265
6.032485
3.259662
7.314913
2.954945
5.638299
4.361580
4.916831
1.415595
7.666002
5.854358
5.946783
4.005834
1.177654
5.625234
2.472771
7.433212
4.902388
3.117996
3.475110
3.246078
7.007662
6.490933
4.843856
2.862622
3.481745
7.668548
4.559780
3.961395
1.313673
4.815588
6.560706
3.798530
2.784280
4.727036
8.860743
10.548792
6.160785
2.225819
6.683145
5.854151
6.233029
7.637479
5.738024
2.190812
5.371322
2.132068
8.295688
4.984540
5.464693
4.750244
5.636371
4.616343
6.534992
6.939980
5.984318
6.790483
4.836618
7.136667
3.815203
2.492460
6.950666
4.829673
2.833895
7.630134
5.210408
7.756762
2.338084
5.042575
4.622738
5.525047
7.488097
3.566374
4.410812
5.020244
5.029144
4.652696
8.143418
5.757355
5.314049
5.801974
3.025014
5.392738
4.196152
0.000000
8.497417
5.080955
4.948392
8.051093
6.274296
6.552415
5.033096
5.860344
6.498736
7.704538
2.715160
2.242724
5.451949
5.160565
7.848661
3.878787
1.750742
1.467502
4.294782
5.659460
4.288304
6.849157
1.882846
4.921474
5.311000
8.057316
2.210131
1.774689
3.165029
5.248772
6.820314
8.033616
5.569501
5.673120
6.977285
1.864283
6.588265
6.708165
4.061998
5.236031
4.099591
4.745613
3.702910
2.620426
5.216278
8.445186
1.600590
6.086442
6.419441
6.348016
7.123688
4.217782
4.894321
1.016200
6.183229
6.978850
7.109456
6.990976
3.289379
7.736209
5.123988
2.464854
4.171102
5.479492
4.671420
8.144396
6.165151
6.405918
0.567416
6.321759
3.653358
3.864050
4.949409
6.472388
5.447844
8.137519
4.355617
4.860606
5.589162
7.569289
6.140697
7.174412
2.020328
6.570195
3.617530
6.911030
1.189472
2.875893
3.046816
6.801795
2.432423
9.546981
3.274954
5.568592
1.696587
7.779372
1.630093
6.786609
4.319102
4.548176
4.269166
6.456068
5.678357
4.143104
9.512533
7.197772
5.819462
6.596796
5.811392
2.998143
0.299388
4.208846
4.670020
8.381124
5.483275
7.302835
4.999974
6.631588
8.062125
4.711532
4.828625
7.167915
3.866795
3.387704
3.136454
3.756650
6.048837
5.880904
4.040124
4.000816
3.645096
7.030373
8.014368
3.303431
7.901396
3.896865
8.670054
3.867708
5.011784
7.615243
6.792745
2.618004
5.379811
4.582090
7.250360
5.011374
6.276642
4.486918
4.991357
5.247921
2.935603
5.245348
0.665709
7.981950
0.623046
3.312807
3.065343
7.343113
4.579328
4.859449
3.999440
4.222471
2.860550
3.650414
2.710108
7.667278
6.389512
5.348114
5.790074
5.368873
6.962873
6.403732
8.500781
9.556809
5.144990
9.842394
2.254699
1.152268
4.957197
4.310503
4.499158
5.067964
7.865634
6.700213
5.411006
6.027417
3.200133
4.603470
5.530995
2.357438
5.324573
6.923008
2.956914
1.044366
6.506311
