3.753683
3.543476
4.537252
3.509506
5.663780
4.060122
5.243669
4.361185
4.361553
8.566877
3.840412
1.675935
6.298027
4.778594
5.881665
2.660413
1.470505
4.329396
6.931129
6.537560
4.562536
1.353668
5.139311
7.827854
4.583990
4.660799
5.361550
6.230733
9.424031
6.089086
5.785411
4.830203
7.321910
7.305405
2.766347
6.281935
4.875018
3.339603
3.681146
5.633321
9.316106
1.192354
8.454378
3.592723
5.999550
6.133980
3.268963
3.419745
2.148806
6.768338
6.206104
5.438604
7.776352
5.700028
0.647701
9.321873
6.128520
2.184024
7.077283
3.355939
4.452304
4.589828
6.967929
5.373014
4.811043
4.293082
3.441609
2.782652
6.688903
3.132782
4.472036
7.030372
5.829695
3.586039
2.638005
2.169574
2.126888
7.730149
8.958384
4.520473
4.406437
5.079975
5.232555
7.120651
1.088102
5.112908
3.194624
5.583147
0.609476
4.876171
4.053849
4.095961
5.450770
8.102167
3.702671
4.201855
8.365515
2.268610
5.612349
9.510046
4.793945
1.453683
5.122540
1.062599
6.115176
6.293505
2.616926
5.094833
2.209836
4.221557
4.158072
5.128753
7.750462
3.727270
5.345890
5.897608
3.263065
5.930231
4.904152
6.405156
3.082142
2.755975
5.993469
3.265406
4.126733
5.858538
4.978825
7.571515
2.300460
5.802887
2.574585
5.908912
4.639418
4.226225
6.249046
6.559503
1.763100
6.353895
9.662396
2.491890
4.833399
4.715606
2.895794
3.701291
5.470625
6.584644
0.009240
6.057561
4.291328
5.192917
5.036578
2.735302
2.885023
2.926648
3.708781
7.126191
7.183387
5.552897
7.544484
2.656465
3.170642
4.742902
1.787260
2.626948
4.715701
5.073833
4.820978
6.680912
7.484498
6.884115
2.256329
7.093150
6.773162
6.100817
4.913434
8.936242
5.382314
3.969326
6.142574
3.119322
7.670766
4.048990
5.270542
4.806407
3.510885
2.591840
3.399300
3.697571
6.264055
7.540123
6.262449
7.483568
5.394973
6.403769
8.000554
7.163454
8.103199
4.977966
3.566736
2.484203
4.586575
3.743665
6.468008
3.015418
1.861508
4.012192
4.576854
1.043542
8.127783
7.202171
8.359541
7.311576
5.830574
4.980740
5.287232
2.978217
4.778038
7.721819
7.937548
6.641249
2.588133
5.143826
2.606635
5.249283
7.969523
3.616017
3.608432
1.247248
7.783983
3.167901
3.324993
6.665788
1.928191
5.980668
5.152051
5.154300
6.039893
8.109817
4.066256
4.588522
3.645049
6.007254
6.590125
1.236585
6.177735
11.223742
1.300054
2.596811
4.358727
4.225961
3.123491
8.671721
4.475313
4.508092
7.145798
9.619055
2.033407
5.225561
4.845454
5.071191
3.446861
1.516076
4.365595
3.053028
6.318426
5.600359
4.476300
7.230096
4.361625
10.251777
7.897517
5.191894
2.626633
3.749595
6.715679
6.442961
4.066151
7.172914
4.320037
6.392440
6.947807
3.724338
0.933403
4.139266
3.591299
4.286575
4.412902
4.508472
3.110898
2.662325
4.042481
7.224199
6.169638
1.681074
8.509566
5.100402
3.939590
4.594380
7.531874
3.677412
3.858471
5.172438
6.153081
4.659883
4.290877
6.061627
5.148012
5.873578
7.310357
4.290137
6.467703
6.263530
4.466741
3.872167
2.207962
6.541560
3.209072
4.002035
6.154163
5.446530
5.220565
4.922729
3.219240
4.046225
7.020466
8.467231
6.353611
2.680302
5.270325
4.512153
5.336812
3.446439
1.672511
3.614573
10.204730
7.494420
5.235025
3.729216
6.756030
7.234809
4.368285
3.006473
3.745142
4.555149
6.302303
7.329790
5.181591
8.814377
6.433612
3.201242
3.327979
5.085442
3.636978
2.908120
0.686235
5.518014
6.546105
9.478702
4.946724
4.751314
3.015693
7.344172
8.647128
1.801104
2.367792
5.707398
7.890123
4.767852
6.540612
7.014500
6.331720
3.510511
5.711899
8.681470
5.839880
3.166844
2.749046
5.506873
8.582973
5.176071
3.261549
3.715778
4.803298
6.370508
4.014968
8.744235
-0.774504
4.637756
6.232348
6.109542
4.338870
6.120005
6.954605
2.506266
2.995878
3.097580
3.326630
1.213985
4.007787
4.996535
7.607266
3.528558
5.226039
4.697444
5.180440
4.929325
6.796765
3.712200
3.503652
6.614682
4.201419
5.640355
6.930809
6.440085
1.585976
1.707234
4.020085
6.334569
2.414797
1.965571
3.683522
6.521595
5.272706
-0.509691
6.368154
3.483504
7.539109
6.709903
4.976746
4.459077
4.447293
6.792938
7.384641
2.838074
6.877303
5.995561
6.849708
6.451633
3.574018
7.092138
6.054045
3.298761
4.315819
6.213357
4.670856
-0.653374
4.957871
2.661005
7.564320
2.716858
7.077742
4.372628
5.815151
5.465754
5.936985
6.897705
7.860865
5.803313
6.495099
5.169329
3.873954
7.992768
7.948112
4.037273
4.774671
4.054248
7.298827
5.704912
4.885498
5.561058
5.580920
1.121392
7.570099
6.501985
5.128171
1.825258
3.492832
4.355363
4.683165
5.433208
5.431608
6.732277
2.775095
7.542298
3.204243
2.965499
4.308396
2.766283
2.729680
2.744125
3.396246
5.926606
3.186033
7.168622
5.161124
5.844844
5.076609
3.213872
7.539329
5.317584
6.015535
6.857618
1.706346
8.499006
2.948576
6.486549
3.597743
3.669073
7.141578
2.250707
6.465874
5.907427
4.060060
7.427389
-0.035888
0.180185
3.610089
4.003983
4.719076
7.143286
5.933420
7.773536
1.548762
2.997478
4.512356
1.864596
2.423202
5.266430
5.255779
2.450510
7.612167
3.625534
2.276516
5.128179
2.915216
5.618954
2.789852
4.098720
3.249285
3.827033
6.827297
6.909513
7.299370
4.584466
5.519899
3.726623
5.471048
4.125247
5.106737
4.331731
4.012402
5.192059
7.612087
4.542049
6.766653
8.715261
3.529934
7.415634
7.418693
5.419318
6.789639
8.723847
6.075596
4.733271
5.355489
5.716776
7.050503
7.459076
6.298021
2.582326
2.749265
3.217905
7.549663
0.225189
4.860019
5.410627
3.749048
2.196017
2.896125
1.000901
8.046444
3.528012
0.994077
4.823358
3.845758
7.356478
3.637000
3.885247
0.638340
3.492964
8.803647
3.116459
7.927233
5.190175
4.426065
1.934689
6.123853
2.655916
6.381538
4.692221
4.001699
5.668878
4.271985
5.808908
4.022994
7.489718
8.431339
1.734011
4.065712
4.539981
5.500515
2.981724
6.414553
11.051697
6.685333
7.022387
7.551269
5.570058
8.040364
2.638000
4.680451
7.963683
2.137446
4.111925
6.740634
3.941542
3.423278
7.689777
3.485424
4.298185
4.977834
3.401910
5.564474
2.706901
5.905036
7.731775
7.460944
3.079453
2.688021
6.565397
4.565928
6.021784
5.700945
0.974210
5.670192
6.441408
4.340013
6.514208
2.386094
4.666210
0.621654
5.757844
7.006418
4.455259
6.145820
4.291099
3.843626
2.646238
5.690400
4.707898
6.333523
4.980832
2.388143
1.720948
6.619407
2.907781
6.966776
6.870728
5.020997
6.658072
6.335425
10.807255
4.616256
4.299894
6.526339
5.084035
6.203634
5.068350
4.390383
7.212892
5.882779
5.217592
4.390521
4.165556
1.881464
6.429853
2.047509
7.177515
2.086106
2.501475
5.715707
3.480440
5.792019
4.823972
4.244471
3.554221
2.267982
4.264266
7.185769
4.092551
6.830706
5.501020
2.405134
5.324512
3.385909
5.149877
3.965016
5.181258
4.562087
6.852815
6.295132
5.047099
5.498713
3.560085
4.500395
2.106169
6.167047
5.842578
7.650548
3.828904
3.708982
-0.660470
4.222007
3.028269
5.040861
7.371208
5.456747
4.307611
5.779420
6.315448
6.923767
8.036339
5.261558
5.989100
4.622610
5.133311
6.434121
0.915211
4.499838
2.046104
7.730395
1.412572
3.459677
5.084817
6.227097
4.229768
3.128680
5.726425
4.830582
6.869727
1.246992
4.587638
3.858794
2.391642
5.719373
5.301723
5.771416
8.451071
7.039055
6.659519
2.221951
5.863754
6.327272
3.870378
5.585795
3.186107
4.908237
2.933681
6.069501
7.405986
2.344937
3.995647
6.876247
5.200055
3.874324
8.816636
3.770429
8.361094
6.397231
6.051626
5.716921
5.215215
4.127547
8.260694
6.019948
2.973926
2.636179
5.900167
2.973392
2.900914
5.918078
4.378333
3.591450
5.043886
2.098489
0.844634
4.577749
4.155682
3.889180
3.086447
2.024396
6.731191
3.580327
8.310181
3.986779
3.497376
6.388800
5.171874
2.015950
4.446256
8.403587
8.215821
4.201040
5.978721
5.124774
5.160403
5.780591
5.545946
9.575236
5.395313
4.415489
4.677599
7.795296
4.363031
2.669840
4.363454
8.957939
4.609921
1.820885
7.256233
4.643584
5.871852
3.842004
4.922701
3.609181
7.028313
6.170578
2.520415
3.400920
4.954530
6.094186
3.311990
6.108159
5.138310
2.164760
3.652543
5.008920
2.964225
7.285945
4.695699
7.329279
2.864214
4.216747
5.203448
6.790436
6.225235
1.652509
6.706324
3.723814
0.994345
2.689601
2.145365
8.690996
2.744259
7.317919
2.074426
4.898701
8.466785
8.270917
4.915299
4.768723
4.234156
8.329613
3.705262
6.404118
7.500631
4.592506
7.284529
6.532788
4.887724
3.785501
2.556571
1.941919
4.147686
6.004240
5.377593
8.171582
4.038919
4.284152
6.034408
6.376362
5.664556
5.414518
1.963684
3.545344
3.004421
5.640684
8.254888
5.159159
3.741698
4.712833
7.857299
4.304275
3.691159
8.767265
3.681641
5.945561
4.869808
7.238484
5.241906
3.036729
4.871455
8.978663
7.286479
9.123174
0.846164
1.242788
5.467864
8.711252
2.327976
4.315094
6.371107
6.776180
7.515719
6.453284
5.990070
6.456963
6.725137
5.413414
5.377599
1.904619
5.416118
4.944875
5.914402
5.742507
5.672697
4.382148
3.228505
3.560746
4.262816
5.700801
6.341585
6.328136
5.527845
5.491501
3.474676
6.005253
1.596563
6.220998
3.363636
5.518289
4.222750
7.215831
7.180427
3.802093
5.892779
5.663764
2.157739
5.597461
7.267373
3.379065
5.192950
6.886997
8.422466
3.455726
9.433181
2.116014
2.711543
3.217491
6.715757
9.226015
3.962659
5.307763
6.956727
4.417621
2.471052
4.282452
4.935423
5.701773
8.593581
1.681453
3.694099
4.276970
4.429796
3.695164
7.750222
2.038246
2.976921
4.120823
6.806738
3.811399
6.249558
5.750194
5.272880
4.782044
1.743925
1.469563
6.515069
6.841749
4.435972
4.917423
7.503067
3.885817
2.970828
5.392537
6.382939
2.405018
3.889897
5.900935
1.653721
3.470637
6.316983
7.236340
6.630575
6.611502
2.947598
3.218965
4.923068
5.053690
2.752335
4.427963
2.381492
3.838005
4.970705
5.727340
6.549702
3.960026
5.563252
2.933662
5.081253
6.083082
6.121627
3.784457
4.790538
0.998201
0.331573
4.807061
2.827895
6.755624
1.561107
5.627792
8.281102
4.414262
3.682446
6.011445
7.624039
5.212438
6.108785
1.377022
4.486059
3.724469
6.422861
4.824207
5.366867
2.403260
4.952619
7.708233
4.280855
9.649261
4.447551
5.054118
5.169372
5.560993
2.890749
4.224854
6.441127
4.725845
5.632273
5.931479
6.666066
5.345361
4.978716
1.850049
1.456967
7.349015
7.289228
5.505067
7.052846
3.816779
2.402618
8.002257
2.622849
4.253046
7.461007
6.367098
6.324234
3.607745
7.220063
4.421670
7.720618
3.942031
6.177171
5.777293
6.573226
6.822145
2.258634
8.549269
3.002730
5.515381
6.442891
1.050959
2.263459
7.682671
6.548475
5.813659
5.571908
5.576941
6.787739
8.258738
7.815636
7.588124
5.352334
4.951229
7.734752
6.995542
3.997065
2.613110
4.013319
7.029106
2.638888
6.982351
8.718527
3.702546
2.065257
5.436826
4.455050
5.548366
5.212800
2.683925
2.353025
6.562675
3.500377
6.565028
2.096552
4.860949
3.723551
3.936503
3.093376
5.713903
9.522265
5.265229
7.099023
8.793411
6.469603
7.566213
8.371379
2.483396
4.158233
3.535015
2.748706
2.159751
5.963517
3.448519
4.758619
2.902012
5.814221
3.849845
4.650670
6.852493
4.880767
5.072878
8.026191
5.700140
5.870429
8.240587
6.342111
8.039755
2.985056
5.643846
5.193521
8.698248
4.578566
5.372965
4.307485
2.363240
5.481369
0.427029
2.565640
5.246188
7.091773
3.555164
3.991014
4.602129
4.943427
5.499782
8.019778
6.059582
6.293604
5.112428
3.602150
6.076672
7.601858
4.782934
6.691779
6.679342
5.707104
4.779396
5.278104
3.657412
6.716408
6.084889
-0.825390
7.435892
3.728897
3.988675
4.847277
5.516669
8.132767
5.040624
7.622708
7.375471
6.044615
4.372917
6.573197
5.641977
3.376396
4.149816
7.446024
3.547684
3.693129
6.650311
3.310059
5.120751
2.700332
1.936283
4.713779
2.254448
7.769898
0.341826
5.260473
3.913419
1.115225
3.320696
5.549503
9.712881
8.223478
3.217438
6.379166
7.907085
4.485129
4.615026
3.378407
4.945746
7.130068
4.660683
7.631448
3.882367
7.712303
6.590974
7.079852
6.095180
5.625032
3.525129
4.351468
7.429085
3.062653
3.730685
6.745320
8.010469
3.605966
7.179705
6.179719
4.178911
3.880945
3.916894
3.780216
3.787035
1.872342
5.196683
6.456412
2.405139
1.890375
3.609508
6.026914
0.242292
6.421195
5.722400
9.737841
6.050951
4.415470
2.790475
2.587008
4.599133
5.985612
2.572490
4.664911
5.680913
6.198478
6.966402
5.485223
6.617037
4.696743
3.979444
3.913651
6.997739
7.778411
2.187826
4.958961
5.500549
7.370268
2.656530
8.539203
5.899084
0.443835
5.247993
7.834261
4.616497
1.978646
3.804556
5.365795
6.269658
2.940187
4.837137
6.289391
8.145245
3.805211
4.147961
5.039509
3.041202
1.672221
7.320783
4.632425
5.510153
6.123828
5.679730
5.073813
5.532779
3.537602
1.403891
6.375833
5.409255
5.389832
6.174395
3.843390
6.533743
4.796358
6.746656
3.924874
8.627907
5.532709
8.267614
4.084479
5.270581
6.402417
4.795157
5.485669
8.398127
6.387789
7.001661
4.972133
8.160765
2.481171
3.198349
4.462588
6.261494
5.391980
7.817996
6.295686
2.447161
3.804702
3.534282
5.515018
6.036076
5.775275
4.957796
4.338556
7.561839
2.495654
5.349505
-0.039349
2.852495
3.202483
2.183547
4.380760
3.970643
3.941632
3.794849
4.098533
5.608865
1.236147
5.515131
1.864273
3.616296
6.613847
4.789402
5.196539
5.665312
4.154024
2.709441
4.071721
3.534237
4.092055
7.070498
3.958405
1.839074
4.723199
8.186670
6.472076
5.660626
9.351967
3.738133
4.252643
4.348998
5.335490
6.239622
3.315030
5.329691
4.918461
4.093934
5.794920
4.152773
4.282639
8.802103
3.591502
7.159460
6.320835
5.500245
7.460947
8.709780
4.045727
4.889574
5.301675
4.411205
5.723505
6.267557
5.825193
4.012488
2.146675
5.667273
2.063723
4.780945
9.778619
2.477171
6.106513
5.875864
3.400143
6.994221
3.902657
3.971226
6.463443
8.688741
3.258847
2.174219
4.624470
3.928439
7.962386
5.663502
6.975630
2.411637
3.788969
5.519256
7.902457
4.971268
6.777930
4.374887
5.496825
6.032381
8.892310
6.180677
8.498504
7.170947
5.450771
1.857548
2.285549
5.495699
2.228619
7.453146
2.861116
6.711083
8.006811
7.439935
6.812986
7.027802
4.719149
5.693790
3.510229
1.465964
5.967024
4.954071
6.723761
4.215101
6.837175
3.134425
5.431617
3.316062
5.007069
6.181188
6.096269
5.278837
5.267657
6.103230
5.821303
5.762032
3.964225
2.945704
5.532460
6.290333
5.628707
2.962477
6.137799
5.406026
5.675320
6.626532
8.033249
5.926806
4.358308
5.263211
2.610757
4.000823
4.240762
3.595118
2.898511
4.356595
2.999823
3.524438
3.241932
4.761694
3.831554
3.724936
4.214499
6.547539
2.456700
10.022392
3.267987
6.528279
5.176363
6.603898
4.195695
6.808629
6.376530
2.295168
1.781152
5.927942
3.175860
4.283544
3.552632
4.506485
6.880186
4.087493
0.471887
3.096400
2.682532
6.011617
3.559435
6.545410
5.208443
4.879941
8.895043
1.531399
4.205147
7.504406
3.732734
4.461086
6.998962
2.954243
2.883150
7.099026
7.592584
3.020691
4.599557
5.026599
4.339941
1.486377
7.485000
4.819781
5.592980
11.637896
4.711550
6.104197
3.832175
4.455167
5.211218
1.832200
6.476570
5.930822
4.313055
2.544418
4.286537
2.014594
5.272037
3.234455
7.352335
3.388967
4.694286
6.232068
8.028517
6.618150
4.932855
2.002718
4.399507
4.442628
3.645132
3.166871
4.428092
4.306173
4.473714
5.310611
5.667406
5.001754
5.699063
10.300201
6.083157
4.374563
4.324875
3.801922
7.951840
3.108357
4.754662
5.596344
2.534965
6.846078
2.923259
5.508722
8.089572
8.325002
7.887569
6.697258
1.048880
8.297218
6.792659
4.402514
5.898578
4.132039
7.605030
4.175360
4.299817
7.945130
7.049888
5.346589
5.310881
3.401376
2.651506
3.500627
8.570261
4.823401
4.569721
3.108076
5.704967
2.392841
1.003990
2.182091
7.467012
1.972059
1.171124
6.956235
6.491977
5.201667
7.763897
4.674854
3.211266
5.595815
7.424644
2.051300
3.990494
4.759074
6.626647
2.185648
3.550194
2.531982
3.819424
7.784168
4.939478
6.595256
5.739757
4.715604
3.989137
3.943533
6.107926
3.868729
4.719611
3.475244
6.068194
5.015655
3.617704
4.374280
9.501905
5.286644
7.366909
6.624897
6.550651
3.997034
5.474131
8.153002
7.254042
4.850389
4.944770
3.168887
0.748744
2.919549
7.286114
5.367224
6.737447
4.262508
2.746120
4.688259
5.978525
4.032206
5.504630
7.574892
5.063441
3.634368
2.954409
5.190028
6.531741
7.714862
5.971215
1.246469
3.241381
4.345166
5.128562
5.951776
6.054472
6.086726
3.635654
10.583787
2.567235
3.938631
0.339203
5.243028
5.868826
5.423094
6.857967
2.717719
4.197857
7.947801
3.998837
4.192360
3.487649
3.952239
7.397623
5.569073
7.032142
6.805043
4.211351
5.497631
6.203973
2.567930
3.451233
8.098387
4.402440
4.416708
6.248516
7.818233
3.590770
8.095555
7.324973
6.608027
1.842934
7.239968
7.036923
2.698163
6.879569
3.984305
6.410958
6.478091
4.270663
4.557291
3.446988
4.309583
0.831637
4.033593
6.646043
6.862137
0.545231
4.353616
4.809573
5.348855
7.866285
5.216228
5.020104
5.220612
2.190120
8.724094
5.729574
5.177629
5.284403
5.014932
8.007455
6.427607
5.191313
3.982983
4.718835
4.564454
5.376376
5.258104
5.916855
4.756555
6.321419
3.972979
5.148558
6.844833
5.354716
6.371552
7.990236
5.985791
7.549144
4.916941
2.227622
2.346449
3.842603
6.372820
5.220153
5.474498
7.276499
8.278414
5.782633
4.712843
5.400692
3.354282
5.708039
4.859184
7.224800
3.720062
5.246865
4.138748
4.082458
8.223813
7.401906
4.613188
3.383243
8.319481
7.497671
1.687093
0.570873
4.941199
5.952887
6.648213
6.651585
5.994978
3.524927
2.770506
1.507250
5.896538
4.235383
4.682317
7.950330
1.303960
9.302836
3.645713
3.477203
3.285492
4.788635
3.915410
5.226427
4.770368
6.343494
1.589705
5.936633
3.576903
4.752484
8.687870
0.228560
3.692497
2.950474
2.936182
4.705538
6.693327
5.414181
3.653402
5.078850
4.434618
3.786049
5.498259
7.236714
3.759092
6.194311
5.008891
5.079405
2.929253
9.005427
1.455893
4.226952
5.441906
3.592415
3.129794
8.760629
6.826485
6.773945
4.846798
5.568173
6.813691
8.024960
2.727750
2.388780
7.076147
9.807041
4.872800
6.242636
3.577912
6.738918
4.222366
4.952175
3.254328
2.913567
5.024669
1.881358
5.228579
5.040152
1.317459
3.689842
6.885595
2.320347
4.368553
4.012442
4.288626
5.212269
4.121055
2.659002
5.289337
7.303370
6.157415
3.970535
5.444902
3.999044
2.340813
5.257521
5.485818
4.566753
5.286297
4.247895
7.650895
4.964664
4.216474
3.765813
1.915436
1.590809
6.387491
4.700749
8.639460
5.604162
8.204224
2.245529
6.226531
5.390581
4.273111
3.151337
6.405100
2.519422
4.962759
3.845481
5.821382
5.688292
0.167511
6.059993
5.316916
3.739639
6.833615
6.696527
4.154441
0.432578
4.234266
3.494377
9.719083
4.913161
8.293677
6.000417
8.125805
5.891124
8.531544
2.644225
4.224483
5.771916
6.503678
6.610244
4.586734
3.347333
3.155067
3.830496
1.778538
2.592288
6.041126
5.715637
10.002182
5.392406
8.039878
1.738983
4.384590
5.185140
4.731784
7.149161
3.677336
5.224975
4.005968
8.197433
3.504320
4.616023
3.284860
8.029899
6.802755
2.213768
7.168411
3.893208
9.068834
6.656144
2.955548
2.068835
4.635498
9.346096
7.394711
2.080646
2.467973
4.625072
4.399914
9.975655
7.440388
4.962355
3.652241
6.017430
4.523756
5.268447
6.456123
7.684110
3.026175
7.915061
10.689744
8.036515
1.605082
6.142329
4.540299
9.334102
5.842855
5.411539
5.204627
2.632587
4.255706
5.628964
4.138647
1.191781
6.753786
7.059574
5.400577
5.642392
4.006422
1.894933
7.108440
4.533825
4.469516
6.231572
3.623887
2.443153
2.836694
7.599894
3.059630
6.309387
5.347062
2.673294
5.122407
5.875913
4.492089
3.759557
4.369197
4.599959
7.066305
6.827072
-0.195982
2.407626
5.655190
3.176603
3.377281
8.163593
5.634971
6.985646
2.466572
0.933027
2.866131
6.695977
3.769261
6.905783
5.777580
0.657243
2.548312
4.307341
6.670826
5.852030
4.535421
5.030278
5.055134
6.225116
5.894830
5.313122
2.939190
6.432561
1.911781
4.281365
2.849850
3.269255
5.995472
4.832881
3.093549
3.764897
7.892073
4.716313
2.660557
5.731519
5.386506
2.895867
4.548621
7.262782
3.048092
5.107710
5.275511
7.038955
2.156725
8.222823
5.024518
7.164600
7.810215
4.424189
10.432894
7.048266
7.100411
8.224120
5.558981
3.238920
5.401899
3.372995
-0.604171
3.275910
7.305314
5.727688
2.811894
3.304107
6.920740
9.657201
6.078210
6.692656
4.465690
5.058728
3.660424
4.492489
4.156693
3.973622
6.155686
5.804807
7.594604
4.033478
3.395126
3.343695
5.045857
5.392500
4.462938
4.341456
3.558446
2.856113
6.555118
7.154921
3.960805
8.270082
6.805495
7.804223
5.768681
7.610342
5.435326
1.934386
2.687955
5.970068
5.484280
3.103308
5.128811
-1.000824
2.994994
4.944871
10.468816
3.742584
5.624443
6.822177
8.665890
4.302876
2.923577
3.119756
3.918800
7.488516
3.186204
4.421000
5.117928
6.291927
6.530950
3.769079
4.034047
2.546656
7.570337
5.671621
4.281936
6.265202
2.408326
3.545029
8.543519
4.667110
0.804370
6.464478
5.089190
3.509752
1.594672
3.485027
4.436089
9.169641
2.496469
9.513999
6.827313
5.744666
4.669858
6.256542
5.993674
2.159846
4.750851
5.366125
6.550274
5.531249
0.791040
7.293379
0.965669
8.376493
3.133334
4.969903
2.627869
7.263754
4.553266
7.888002
7.362053
7.975165
6.952849
3.366768
6.139304
5.863555
4.855400
6.359590
4.541120
6.950034
4.099504
4.468800
6.315377
2.564236
5.638032
2.068518
7.568422
7.560353
4.386770
6.054503
5.818030
5.201128
2.896126
6.893119
6.626387
3.250327
3.674280
4.238158
5.033229
2.809101
3.873784
5.103936
3.564465
6.982111
3.301438
7.115675
6.338937
6.266265
5.291063
6.904387
8.060328
6.463158
4.106673
7.504825
4.983115
7.720699
2.876337
5.490588
3.900290
4.390677
4.911642
7.631713
2.473976
2.797426
7.790603
8.784898
4.996477
6.573263
4.746045
4.372290
2.758384
7.695870
5.407720
3.515736
6.451708
8.455963
3.883273
4.613705
4.778675
3.631590
3.142283
6.028732
5.722818
9.398417
3.413206
6.142845
4.824544
1.259284
3.668877
5.221551
6.236697
6.742698
6.322737
2.811433
8.142126
0.612842
2.995095
8.330491
3.762288
6.729655
3.692575
3.506160
3.207800
2.549623
3.117551
5.212726
4.359258
5.462471
6.069969
7.293660
10.020079
8.218428
7.535792
6.485316
6.250788
3.772156
2.452463
0.182357
5.637626
7.762250
4.267487
3.248515
7.012922
4.425185
3.673980
3.631830
6.497697
5.904162
4.930823
2.938910
4.853844
2.709664
6.502861
7.657875
7.067843
3.312989
7.826385
7.357765
3.795069
2.463136
3.580956
4.032853
8.012948
3.691502
2.058934
4.374194
3.419248
6.525479
5.799592
8.973607
4.796840
3.784181
6.808905
7.639041
3.220102
4.230382
3.741392
6.556608
7.583016
7.477768
2.179428
4.144365
6.444066
1.785006
4.856876
7.922004
4.473648
0.682329
6.012627
3.601813
3.946205
4.351210
4.578843
2.593464
1.847141
3.511003
4.184533
4.448580
4.135514
5.989539
6.244581
5.813740
3.946187
3.902255
5.799328
6.030506
7.518589
3.888852
0.006154
3.145462
5.491386
4.299508
6.667948
4.107224
7.163980
6.339293
7.218021
0.947712
1.601594
3.252145
4.749350
8.837007
6.749135
3.845632
7.346997
2.610112
4.363373
5.246302
9.956660
6.727284
1.682500
7.652836
5.650690
4.372755
3.111114
6.613351
8.823054
2.471536
2.196063
0.794017
3.131820
6.179104
5.274455
5.423792
5.913947
5.309251
7.517632
7.503980
6.079972
7.419303
7.781181
4.075856
5.897922
2.095489
5.171828
6.459915
6.622315
2.938979
6.368447
5.876391
6.374210
4.436228
6.547707
5.742768
5.382877
4.683055
5.920609
7.333108
1.331930
7.385274
3.804102
5.304853
7.872871
3.013247
4.609933
3.824829
8.222423
8.795535
2.359988
4.045575
4.474370
6.613807
9.260927
3.798744
4.534951
4.109990
4.487049
0.877576
5.049001
7.560422
4.083462
4.935039
4.910995
4.970336
5.420298
4.544858
4.809140
7.588061
3.837621
5.734277
5.110844
8.260886
6.167372
1.523394
4.436272
5.612108
4.257877
6.043729
6.524331
3.090995
2.425991
6.132633
7.051534
9.379349
5.655611
6.377182
-0.375765
6.429245
1.727248
5.357071
3.910760
6.687651
2.619256
1.243105
3.923804
8.135997
2.118309
6.689927
3.793695
6.204726
3.422102
7.917059
6.456174
6.118952
1.738867
6.816145
5.825239
0.684675
6.756982
4.173797
3.638016
4.428832
6.179922
4.004911
5.997337
5.794919
6.821734
2.567097
7.335518
1.540042
0.948061
6.598260
2.224466
0.853902
2.048165
7.557495
5.885047
4.673425
7.534943
6.418998
4.500125
5.317384
4.100214
4.296459
4.581917
8.327853
6.746189
3.305857
6.795332
5.034258
5.629765
7.252024
4.399973
2.519495
2.622367
6.152213
5.492678
6.823714
6.474990
6.295238
4.656773
4.169641
5.893087
4.926873
6.883576
3.222591
7.452297
5.823156
5.492648
5.451118
4.848749
6.253855
4.840233
3.504702
3.165532
4.614714
6.730152
9.569196
6.031880
6.317150
5.315766
4.412692
2.813008
3.953924
6.975785
4.580908
3.104312
7.224329
5.717780
4.732496
3.025405
6.051838
5.951493
1.911106
8.515200
3.854593
4.285012
3.792284
3.391189
5.759072
2.760182
7.380006
5.186859
3.443870
2.110026
2.402569
4.499038
7.270177
0.462136
7.733577
6.689072
3.449250
5.862697
2.500785
3.487420
4.084996
2.838521
4.611240
8.473559
8.245993
5.374271
6.675110
2.626550
4.320910
6.562489
5.258919
4.520245
4.370629
4.381513
0.693526
6.786607
3.374059
5.621051
6.419815
10.901346
5.725022
6.686982
5.066995
6.576379
4.348585
5.070460
6.879675
6.594460
1.108102
9.146409
1.859878
3.896980
4.355695
1.895546
4.193691
3.199012
4.715167
6.494407
5.983438
4.227909
5.762663
1.538066
4.338292
5.351355
4.057530
5.907117
8.551283
5.846982
7.919449
4.767080
6.240120
6.452878
4.445200
3.043758
2.668298
4.551342
2.568362
2.833459
4.670122
4.916294
5.387394
8.407182
6.274812
8.301668
6.370495
7.221074
6.095035
2.709265
2.357371
3.921502
5.585500
4.106070
5.339529
5.337414
5.672378
3.970586
4.698901
3.993572
4.908861
2.483638
-1.269713
5.000922
2.844654
3.137352
4.972905
6.581544
5.128922
2.156675
6.598973
2.060037
4.601867
3.013210
6.142358
4.247529
5.827746
2.445907
3.753617
2.173771
2.582019
3.591729
8.919721
2.969914
2.762943
9.599242
3.768536
1.598205
5.067556
3.608423
1.966814
1.939112
4.146077
5.744080
6.814541
4.555918
5.782571
6.287308
0.243855
6.965970
6.176665
3.586231
4.248593
4.398693
6.599261
7.852565
3.755630
6.544237
4.576765
2.476240
2.881535
5.245243
6.072307
8.068209
2.803261
4.822169
2.782990
8.266529
8.573879
5.781128
8.163036
6.905724
6.035429
1.376013
5.959991
7.069506
7.713188
5.549606
4.470562
5.451002
4.391010
4.795761
2.364686
4.489304
5.702645
4.077894
7.890748
4.334752
6.420055
3.717312
7.277099
4.199809
2.385253
4.048437
2.763823
3.281240
6.193376
8.183697
6.354982
2.777605
5.914406
4.545318
3.974890
6.709738
5.394295
2.918253
5.196293
8.032426
3.183097
5.410364
3.366735
4.094868
3.600024
3.660982
7.341859
2.457943
4.192795
7.908684
4.656184
3.024605
7.338635
5.555692
5.397511
5.860793
5.367123
4.466438
6.418820
6.049159
5.095846
6.457136
2.500591
8.022130
5.009177
3.743156
5.672547
4.031002
6.139365
3.900306
4.082551
3.356369
4.422505
1.476208
2.287392
7.214375
5.775541
3.718368
3.395052
7.457892
7.919557
5.866104
2.583235
4.063979
6.102566
7.514710
3.413051
5.631420
0.258435
8.745001
4.607165
1.180502
3.409229
2.175110
10.938773
2.465765
4.480472
4.328078
6.270974
3.058745
3.558348
5.478597
5.767208
3.141732
2.547032
5.250273
5.760826
2.173601
7.839190
4.606344
1.204911
5.259152
3.398965
4.519375
2.744226
6.367007
5.136026
3.818881
4.696931
4.226972
7.470166
4.457620
1.560268
5.143489
5.202627
4.549119
7.012810
3.088651
4.842191
2.160411
5.675613
4.741100
5.226595
4.755475
3.192144
6.422301
5.732406
4.366436
5.671575
1.959711
9.703114
5.591289
10.307962
3.811996
5.546626
4.840309
2.179605
4.705126
5.357120
6.174449
5.082017
7.043109
7.046968
6.150610
4.384977
3.243162
4.899255
1.954974
0.929185
2.912144
5.328067
4.912082
3.763924
5.024045
3.129768
4.330075
5.914830
3.901884
5.174379
1.726625
5.535396
6.020854
4.202054
7.225584
4.419721
3.053086
6.498166
7.104256
7.029192
4.832596
4.927230
7.501120
4.648827
4.865387
3.962908
7.987034
4.076875
6.659482
4.449819
4.481922
7.354978
7.237539
4.996043
6.635591
4.527384
5.483492
8.469349
6.826788
4.470574
5.431235
4.983354
5.502561
2.958637
3.465076
5.778088
5.228568
1.470023
5.763894
5.700871
8.059758
4.822215
3.980239
2.890727
6.909421
6.699946
2.809478
5.259333
2.002876
7.254601
9.110103
6.691639
5.030302
7.831094
5.848895
6.081171
6.696721
5.590187
7.456114
6.307329
7.101768
4.735528
4.281015
2.550870
6.423222
4.428302
5.177968
6.919324
7.904034
7.086870
7.399990
2.983465
6.283824
1.601990
6.333999
6.406288
5.094122
5.003041
3.646206
2.075328
5.730177
6.948671
4.952399
5.815931
3.601515
5.645116
0.750766
5.222444
7.197381
7.327006
4.676082
6.601032
1.259106
5.529343
6.845350
5.304825
4.566583
9.334040
2.808781
3.891037
7.123813
7.425516
1.811455
6.586797
4.539615
4.174041
4.031245
4.397806
3.409345
7.463311
6.619382
4.003576
5.303804
6.256367
6.656482
8.755366
2.703865
3.277017
4.816931
6.189368
2.698013
6.860618
5.011365
3.142143
3.814235
2.338517
1.609453
6.790261
5.846893
4.664443
4.536092
6.548064
5.469452
4.534431
1.825929
2.373416
4.024029
4.493425
4.060997
6.405044
6.530999
5.341374
0.763929
3.964351
5.034412
6.116146
7.541824
5.120633
6.227102
5.505321
2.989043
3.371357
7.926630
5.303272
6.010130
7.003832
5.241533
2.612108
5.640594
5.785017
4.275374
5.965121
6.043345
4.330030
4.335722
2.534685
7.857497
4.873507
5.857163
7.724771
3.085241
3.824499
4.913833
4.849973
4.348829
3.840986
1.774354
4.083589
5.588015
4.098219
5.404442
7.070394
7.542071
3.569596
3.824059
11.446397
2.883162
4.341224
3.987204
4.020980
4.638880
3.828570
0.363475
3.634467
4.494439
9.224863
5.232894
2.866588
2.140654
5.117306
7.581974
4.650989
2.875082
2.630705
5.681158
6.284082
5.305448
3.774138
5.758680
8.552823
7.330522
5.656537
4.781296
2.428183
9.281740
4.278933
11.077814
2.672342
8.712426
4.186312
4.667079
8.674235
4.793698
0.303708
0.830678
4.731313
3.167359
4.176166
2.737202
8.314048
6.352574
6.894351
2.992636
6.172745
9.330025
5.783061
6.191468
4.582397
4.906814
2.920938
1.161729
5.524510
2.845773
7.984208
6.905838
5.772994
7.109979
3.355807
2.107428
3.149293
6.429281
8.127621
6.288626
7.276976
6.650580
4.209347
7.117009
5.053992
6.283307
6.323537
2.948016
3.618550
4.600813
3.385536
9.238464
7.885594
8.849841
3.743572
5.750048
6.089395
6.015998
8.724268
4.660802
0.850279
3.255297
10.064467
3.653938
4.115730
4.589465
4.975823
7.340518
2.026277
-2.015562
5.374269
4.362843
3.853410
4.322142
5.122182
3.721766
6.161298
-0.765478
4.874968
4.961256
1.298191
3.361756
5.596515
3.392756
8.048952
5.561516
6.065785
5.661230
0.131206
0.132092
9.483391
1.320882
5.284066
1.042712
0.902330
6.865088
4.215393
7.618867
5.774647
2.504552
4.295044
3.499848
7.625811
5.434234
3.010258
3.884210
2.368002
6.221046
4.559878
5.644718
6.149819
5.867148
6.443052
5.415939
1.978816
5.603950
4.880088
5.694367
5.107602
9.858150
5.244462
5.878133
1.653939
3.716459
4.035409
5.749982
9.064869
5.671731
3.192044
4.292387
5.505900
5.394523
4.019543
1.020711
5.061758
3.956018
6.528993
7.240356
8.266187
4.155206
4.191736
6.002908
5.346249
4.201824
5.006047
4.145405
6.290783
6.998110
6.555808
5.812607
3.916407
3.143572
5.765644
3.548483
5.042143
5.646625
2.361587
8.662526
5.228481
8.385432
3.684587
3.921460
6.009220
0.830094
2.206601
4.017258
2.035305
2.790450
4.969064
3.537297
4.455363
5.799048
4.910849
4.035721
5.047351
8.470052
7.027590
2.075053
5.433895
9.417432
6.253269
4.964543
7.642740
7.174521
4.814667
4.108497
4.023719
4.366313
3.147286
4.609844
4.883296
1.757730
1.148566
4.196776
6.854078
4.743604
3.511824
3.229480
4.379018
7.680799
2.703790
2.865930
4.870063
3.507360
2.479667
7.515645
5.829821
4.455424
6.653914
1.892577
3.596225
7.824646
4.823247
4.035712
6.667898
2.683232
7.038825
3.036682
10.105130
2.452582
4.600699
2.695958
4.238233
4.647639
1.619889
7.514151
2.317624
4.698542
7.322012
2.426285
3.191215
4.872315
5.132997
7.777309
5.005063
9.737737
5.920557
2.766875
6.582427
7.471885
5.555166
7.206406
5.125385
2.583823
3.612236
3.037781
5.869601
4.154327
6.146395
2.441904
3.672364
5.134007
5.938717
5.345572
1.593965
0.391991
3.495792
2.981793
3.459327
3.644815
4.094760
4.398177
3.071048
5.654724
5.032363
6.767615
2.751564
7.000742
2.722159
6.585758
6.647127
5.535849
8.302902
6.093679
5.213003
5.484232
5.334958
5.428580
1.951408
4.241731
6.188131
6.722459
5.173533
5.038472
2.312482
6.776284
3.688712
3.785227
5.331715
8.618940
4.133043
2.672436
5.083618
8.647991
1.969579
4.700533
9.433007
6.014039
10.048739
5.789022
3.811917
4.294931
-0.721399
5.064786
7.046554
6.693211
3.648572
4.169274
7.006981
5.924558
4.920548
6.923664
1.082919
4.134174
6.811294
1.422827
11.510412
5.051809
6.771793
4.066611
3.832544
4.538712
5.772352
6.271098
9.401441
2.708053
6.068659
3.281805
3.638455
0.869737
6.076555
4.897669
4.526078
5.868311
1.651597
4.475324
5.796863
4.268033
3.332413
9.238540
4.242742
5.305479
6.088956
7.519568
1.334564
2.699727
5.424290
9.102636
3.141113
4.807861
5.191649
6.277128
6.379688
4.286397
6.463567
4.936681
2.820875
3.905776
6.234671
4.632254
2.205704
7.175551
2.701846
4.382531
1.445268
4.247242
5.501334
5.888979
4.273190
4.124754
2.984106
4.961837
3.145340
8.251262
3.747129
8.704284
5.649102
0.891143
5.115640
4.674077
2.734296
4.322750
4.099889
4.293497
3.344098
5.693471
7.699950
5.869496
4.618662
6.974207
1.748582
7.425489
5.548894
7.751038
4.041137
1.937142
6.413973
4.726473
5.122227
4.262254
3.975084
7.347070
5.162742
4.974604
1.371601
3.509678
6.604481
6.269812
4.559285
5.948002
5.184908
3.499548
7.094722
7.425088
6.430833
2.147339
3.651856
5.793006
3.083830
4.801083
4.836561
5.037333
6.884072
5.407133
3.838941
7.182304
3.114151
2.737261
5.209862
5.407720
4.163627
6.913246
3.741203
2.947623
8.355544
6.470045
6.615842
2.093309
4.064346
3.643200
1.249594
7.005683
2.568351
2.446587
5.775075
5.065114
2.657204
7.614442
1.800702
6.105922
9.265752
4.009964
5.098730
0.790592
4.167587
7.014293
7.067346
6.014103
5.898810
3.426394
3.587611
4.317688
2.933976
7.241627
5.243280
9.289677
5.496502
2.704122
3.736680
5.479067
6.472508
5.205220
6.194751
4.932506
8.580820
8.841861
6.494456
3.267349
5.636428
7.381062
7.346747
7.831096
1.156779
1.865171
5.249232
2.097090
4.377664
2.465471
6.292911
5.722881
5.521126
9.023973
5.257516
0.350237
6.027193
1.502526
6.311600
1.198726
4.682439
6.801305
2.887087
6.349363
5.741193
4.958178
9.293614
5.184687
3.709969
9.104544
4.572245
6.371186
6.834645
5.832000
3.883239
6.071096
3.158065
6.968508
5.901880
4.629513
4.847125
4.769647
4.204941
5.207329
7.037154
3.109366
5.974123
7.204436
3.382437
2.319256
4.436220
6.393537
4.647470
3.167034
2.175623
4.509720
5.157789
6.240257
6.110836
9.171515
6.008386
4.746657
5.267878
6.025930
5.511333
4.321232
7.689122
8.285163
7.106484
2.839733
6.240554
6.818074
2.989381
4.140666
1.902784
6.341067
3.357854
3.977707
6.174552
2.366093
4.142085
3.093220
7.649948
5.932543
7.546268
0.649358
3.718733
7.371472
6.277551
5.750678
5.507996
3.221650
3.221135
4.723367
5.216838
7.299555
5.841494
6.497432
6.495263
5.252453
2.037856
4.748770
3.036611
3.761833
3.981532
2.351913
3.499430
2.968711
5.182698
4.440301
6.048904
4.117685
6.393465
4.581130
6.664711
4.697468
4.375981
6.813919
6.590780
5.416982
4.843309
7.793548
3.088588
4.363390
3.446368
2.508968
5.927582
4.599614
7.005336
4.102138
7.961071
4.894272
3.628171
4.079121
3.986711
2.084890
8.120009
2.578737
5.585752
6.963916
4.789758
2.289085
8.275172
4.927225
3.845206
4.316676
3.998811
2.876574
5.748850
5.622035
4.310902
2.556315
7.700062
7.803665
5.157152
-0.755257
4.060604
6.046731
2.314354
4.467999
4.184732
7.277494
8.201695
4.755624
3.146991
4.609688
6.047990
5.538543
3.619379
4.722203
7.444277
3.262937
9.406224
5.947502
3.765493
2.357246
7.663722
9.844892
1.856301
5.500694
2.145710
8.161429
2.548158
-1.512053
2.096940
4.229632
7.011309
7.542156
4.645057
4.506373
0.146423
5.105393
5.325890
7.416472
1.442585
6.775886
7.366036
4.365920
3.838082
3.382372
1.739523
2.491064
6.944190
2.598064
5.220023
5.301390
3.260106
4.591454
6.113054
4.212235
4.859599
5.634735
6.635742
3.570913
3.987335
3.923970
4.907113
4.050280
3.298071
3.075037
5.483445
2.898616
5.924261
3.434223
8.800814
4.526621
5.351714
7.894736
4.735298
5.418288
0.708714
4.768824
2.642383
3.803406
5.643952
1.991589
3.624978
2.412009
6.300552
8.940675
7.091619
4.542707
5.977821
2.051884
4.736266
5.092641
4.322656
5.705214
4.962607
5.340349
6.105337
2.742798
4.786773
2.911617
7.222239
4.400998
4.775626
3.706318
5.231049
6.820797
5.929184
4.920297
2.992062
4.217467
2.587031
8.780917
3.387720
5.600471
8.346728
6.354452
7.189823
7.782065
9.739336
6.076802
8.277576
3.600198
5.505527
5.611237
10.603973
0.947713
5.059552
5.678579
5.699784
3.787818
3.086953
5.209734
1.500410
4.676922
3.911290
6.079284
4.097425
3.266966
2.597842
4.122948
5.630487
8.233298
8.215080
5.002147
8.040212
2.450965
9.529572
3.464550
6.347042
5.503514
4.426179
6.012275
6.744340
5.587302
5.129901
4.926262
5.050724
5.935737
1.554419
5.125625
4.437382
4.665645
8.738430
5.511536
3.177608
9.251547
2.594460
4.928477
4.770532
4.056602
5.511760
5.363974
5.163835
3.675774
5.665299
4.946225
4.091415
10.479021
6.032779
4.661769
5.849622
4.846811
4.370797
2.710610
4.148746
7.312692
4.568357
5.344608
5.345729
6.652197
6.104905
3.911556
7.246179
3.019487
2.162711
4.947486
5.459235
4.333903
4.334960
6.779266
2.702235
2.635529
5.508398
3.451409
5.670081
6.665425
4.906035
8.560197
5.058348
7.656808
3.683675
8.103379
4.263114
9.070122
1.412362
6.618491
6.743807
6.073263
5.569187
5.759860
3.625666
5.323510
3.643614
8.694177
4.939168
6.049512
7.622569
8.239554
5.028459
5.446505
5.968355
3.337275
5.446244
4.165217
4.414556
2.987159
4.369113
3.414546
7.156186
2.370688
5.659723
5.138096
1.267746
6.201642
5.614107
5.629099
5.040760
4.060393
3.225025
6.081199
7.743769
6.143775
3.112152
6.052813
6.723689
4.775481
3.613353
6.694928
5.904176
4.118986
5.838409
4.403132
3.588061
5.759728
5.196722
1.026647
4.194264
9.491252
3.385400
4.981495
4.782170
7.570272
4.147792
3.858286
3.701289
5.255321
2.262220
2.875196
6.898705
4.794825
1.743356
3.784610
3.787225
4.283740
6.309079
7.906450
4.986392
6.051094
4.219933
9.101774
2.412792
6.198332
4.946279
4.563417
2.434665
2.843432
3.869325
10.423886
5.247766
6.458925
2.719849
8.512245
6.405978
7.905694
4.810849
0.899490
2.515780
8.426638
1.212102
7.401611
2.438999
3.001285
3.706383
5.956337
3.455809
6.350656
5.612972
2.821515
3.251766
2.845561
6.924049
5.781115
7.755370
4.702799
6.050458
5.874684
3.748646
5.106518
5.857354
0.284385
3.155314
2.312012
3.374821
5.613416
8.655375
7.362867
2.859707
2.250348
5.005875
3.550096
6.297256
4.780563
7.495120
3.349715
6.994816
4.392752
7.596636
5.484624
4.112004
8.269801
3.123758
5.851979
5.967961
6.659801
5.811685
0.775821
5.066655
6.603910
4.824665
3.564944
2.327095
4.615809
4.129969
5.293590
1.478189
9.925732
3.971084
8.133796
4.801421
3.038842
7.001016
6.108256
0.772606
7.003974
2.868096
4.831206
8.445536
1.727409
6.437181
2.768084
6.512683
2.834605
0.530502
3.125589
5.431610
7.148574
4.625361
5.814295
5.370712
5.812541
7.027583
6.745568
5.925011
4.903725
5.018807
4.762114
6.823702
2.915861
3.805274
1.964807
5.820701
5.484392
1.785340
4.375684
6.560808
3.006087
7.477274
4.206283
4.122900
5.063724
7.257649
5.489477
2.622006
4.273470
5.979609
4.278838
5.493473
3.154270
5.992411
4.261627
1.771716
7.233247
6.820472
5.468185
6.915295
6.042291
3.971833
6.179311
2.861910
4.380340
4.874120
4.464346
6.056733
2.691762
8.657029
1.519076
2.164953
3.539905
7.182338
4.590286
8.240780
2.805296
4.168226
3.880026
3.827060
3.836107
3.939728
4.897525
2.770782
4.523542
5.602748
4.440510
8.060456
5.629137
3.094809
1.741282
7.434921
4.650782
7.502633
1.596431
3.511429
3.051767
6.859680
3.819385
5.333481
3.952503
3.756652
1.616447
4.681981
4.753564
2.686756
4.486740
6.317168
6.659431
2.639992
5.352698
2.715504
3.868523
5.931434
4.443541
7.397375
6.281064
6.988660
4.740625
4.186275
4.451900
6.159065
2.307211
4.855466
4.517614
5.269480
2.692348
6.156066
2.417392
6.295532
4.053906
5.078660
5.204598
7.475811
4.159787
7.181573
2.996114
7.343793
5.265123
4.143565
4.840683
3.750187
2.643589
4.944813
4.074863
1.731879
2.580342
7.560494
7.267384
5.220439
3.037160
7.037583
4.829357
5.839936
2.285826
2.144385
2.602345
3.278172
6.361126
1.559183
4.873294
5.766225
1.690704
3.646204
1.744426
6.094369
1.131953
6.403797
9.668179
6.760573
2.558604
3.137011
3.543167
1.635719
6.674347
4.705996
6.549675
3.752620
4.242997
1.463437
4.277710
5.856481
5.424422
8.672157
4.224873
5.004698
4.228264
1.716916
3.738399
1.919526
4.805456
2.909418
5.842630
5.109420
5.882968
7.406527
4.100842
2.465915
4.859941
8.005029
5.150958
6.098846
5.638723
5.067045
6.801919
3.274051
7.828898
4.744996
7.519248
7.195156
8.329234
3.335027
6.495805
5.729995
2.774946
5.892612
7.020009
4.932686
5.455195
6.842048
2.582715
7.138291
6.426238
6.708479
0.873635
5.496588
5.838072
3.965564
7.744467
7.058435
7.398762
3.205430
5.785769
3.889331
1.399428
1.378868
1.249196
2.976436
6.261149
4.210486
2.142393
6.479395
7.806943
4.634523
4.455952
0.991645
2.981005
5.163633
7.734814
4.521223
5.711063
7.326903
4.922236
5.529675
3.441537
9.120343
5.834417
4.939750
3.995947
1.115996
5.580346
5.368016
4.398130
6.669713
2.918714
1.108583
2.590056
2.288579
4.128131
2.858739
3.808538
6.680759
3.251781
1.910700
2.078436
7.557107
6.830417
4.864412
4.203149
7.480250
3.703604
4.510054
7.384734
2.114552
5.293431
3.905625
0.685925
5.299081
8.293758
4.916574
2.546024
4.200179
5.097129
3.875976
6.652269
4.470451
3.357291
7.711559
3.071157
4.307370
7.463650
8.995678
7.054638
3.115183
3.766652
1.308967
3.796988
6.797286
6.081200
4.513110
6.167768
5.243951
6.932701
4.776331
2.714546
4.387917
5.899998
4.318198
0.923377
3.685357
4.137860
1.536853
8.015471
7.027374
1.415938
5.915227
3.234998
3.513397
4.464272
3.198382
4.763202
5.043652
3.782125
8.181650
4.106083
4.883492
2.630189
5.733720
3.747391
5.413408
6.878791
7.270162
2.518655
5.117756
5.267892
5.212614
5.280835
3.774289
1.783090
2.982059
5.265712
5.626899
5.818740
5.305596
1.902282
1.855591
7.513710
2.961581
3.622824
2.394212
4.384403
5.137847
6.328489
6.829420
5.737728
6.936682
4.990561
5.487384
6.361123
6.350963
4.684925
3.372851
4.966819
8.160203
6.403486
6.162856
4.151737
4.788374
6.085928
2.526898
5.038130
4.322424
1.478407
5.491529
4.963590
2.264811
5.216238
7.474023
2.214112
2.938694
6.361174
3.225833
6.820560
7.928638
4.442143
3.397407
2.819695
3.259847
9.808129
3.159762
6.523413
7.187659
7.286098
4.213834
5.723086
8.491909
5.307465
5.204086
5.203201
2.535167
6.728133
8.071975
5.808953
4.718670
6.382259
7.298115
3.436136
4.100641
7.136091
5.689029
5.110839
3.243143
2.679834
3.005510
4.244311
4.852495
0.679931
6.498838
2.454084
3.717421
5.506676
6.650786
5.737154
3.375938
5.837274
3.588511
5.431551
5.162288
2.507999
6.377280
4.525118
3.070465
6.072158
4.021751
5.820344
6.546017
7.172459
8.184318
6.675868
3.743031
2.948068
3.329761
7.446864
6.167593
5.265305
5.147611
2.340544
4.024217
1.157511
4.668899
5.489600
6.776164
2.054953
7.488364
6.482560
7.044014
10.454529
5.706759
2.496200
7.348570
0.955169
4.869510
2.755000
5.001972
3.384190
3.282110
6.662420
2.450918
7.118072
0.481387
4.707134
7.611231
3.311627
2.470980
5.473446
5.161869
10.567720
7.687726
4.001772
4.934423
3.109072
7.070155
3.000192
6.333648
4.828413
5.135023
3.102449
4.143913
4.558759
5.179562
6.512891
5.254941
4.003559
5.096221
2.005905
7.840554
6.048888
5.389386
6.191958
5.318799
7.256125
6.008320
10.053830
2.925745
3.548083
7.777995
6.624760
6.748227
4.761835
4.245239
3.131205
2.785535
5.995269
5.945227
5.939845
2.988772
4.958710
8.890000
3.464615
3.507734
8.937137
1.853465
3.164317
7.309617
2.266741
3.997458
5.750447
7.084590
3.435859
3.649152
5.981602
2.250492
3.028393
5.835529
3.476353
6.091168
4.467839
7.587372
6.274367
5.243356
7.040572
7.430763
2.709191
2.753964
5.942537
8.133288
6.693649
4.492998
6.258353
4.714253
3.988854
8.709964
6.543673
4.823089
9.520905
3.788440
4.877090
6.822085
5.813399
2.409685
1.860200
6.481384
3.823534
5.930514
7.373480
2.225178
6.873828
4.982389
6.340829
3.518969
6.617515
6.772822
5.733006
0.637214
4.448209
8.252365
3.369918
7.639335
4.122969
2.886633
4.933549
7.576827
4.850965
5.799157
5.517181
6.170355
2.786977
7.312143
5.766149
5.951018
2.187544
5.695449
0.730905
3.342686
5.868428
3.778550
2.327110
9.264511
7.293248
1.805300
3.678596
5.285113
5.366036
2.871854
7.499929
6.364807
4.592845
4.540104
7.302677
6.573883
5.975211
5.372407
2.932896
6.867413
4.509603
1.702021
3.035565
3.938851
1.588955
5.250807
4.080554
4.617874
4.753543
4.238680
6.331743
7.001641
2.745383
2.690008
6.576448
2.369543
7.608316
0.513659
5.831818
3.396927
6.134637
4.962182
4.374668
9.330849
1.905516
7.222104
7.201591
4.089719
6.165423
8.359843
5.693148
3.847053
3.845245
7.468268
6.057598
7.073091
0.183157
1.001614
6.646417
6.858539
4.068592
2.516582
3.939263
6.093221
6.181826
0.416095
4.668578
6.543304
2.751524
4.255590
5.632894
4.398652
5.483804
2.008403
4.329154
2.741330
7.016439
8.186024
4.891056
3.794849
3.965234
7.646797
3.132732
4.309162
6.094205
2.846457
8.468411
2.773160
8.104460
3.108421
4.387337
5.987953
3.843846
5.080761
5.418897
7.667611
6.296684
4.094211
1.093838
3.660088
3.794688
5.033384
4.319330
5.448031
5.361486
4.636497
4.668201
7.472490
4.024577
3.235588
7.005237
3.933694
8.307476
5.150997
5.661209
7.340148
5.817693
4.962386
6.082582
5.211660
6.975434
8.084783
5.248614
7.379745
7.546705
5.045284
4.668451
4.452703
4.606130
3.399150
6.490509
5.742082
8.624818
4.908130
4.635580
5.545246
5.024104
8.176068
7.692769
2.399469
6.618771
5.222995
3.019968
1.383470
4.249298
6.384500
4.297690
3.234445
1.920993
0.817407
4.091601
4.849908
6.918199
3.673429
3.804647
4.032915
6.598412
4.797137
5.195471
4.146447
4.888170
8.393878
7.100553
5.484583
6.456508
5.196258
5.721860
6.249792
5.133646
6.415648
5.466482
4.094682
4.283477
5.012055
1.875557
5.552685
3.691598
3.210493
8.147290
2.291936
6.741956
3.153252
3.100714
3.088369
6.186657
8.667218
7.911766
3.570055
4.587396
7.958464
7.566154
6.812389
1.351185
1.700619
2.992605
2.250430
3.816630
4.990471
7.214291
5.086084
8.170036
4.583773
7.190624
0.787901
3.117091
5.249379
10.027499
5.056761
8.251268
2.991766
5.068334
6.215873
8.511398
6.574781
5.178281
3.817317
4.410594
4.918861
1.719476
3.689735
1.828334
7.666105
3.716861
5.147428
3.851523
6.414546
-1.549059
4.113698
2.159191
3.389710
2.423058
-0.639393
7.906020
3.816057
1.432690
0.905876
4.883860
6.089713
1.594803
4.122270
9.234410
2.612009
6.353464
2.035189
-0.712390
3.590098
5.780262
5.235166
5.023895
5.832787
2.777941
1.772590
2.538426
4.324785
7.836036
4.546830
4.090433
3.772289
3.480717
7.190296
5.911028
6.648043
3.062041
3.043946
4.875583
5.257417
5.155341
6.657482
6.939019
7.630058
6.741230
1.206674
5.087993
3.462920
6.955647
3.981570
7.050570
7.211541
2.100950
1.857156
6.239195
8.552316
5.648427
5.617542
2.320501
3.812413
6.328027
7.999325
9.380401
4.511104
-0.642715
5.696605
3.526850
6.478133
3.932688
2.292601
5.627547
8.033906
5.518459
5.267367
4.995203
7.236860
8.647753
5.876728
6.070567
5.908915
1.996306
3.974522
2.918696
4.607683
2.455687
5.139055
5.912360
3.957160
3.588333
3.730064
2.603944
3.744961
1.882385
3.652878
2.536717
5.996980
4.108573
2.635554
5.320226
1.557882
3.408079
6.630837
7.882375
3.098980
6.039055
6.390075
5.205999
5.472473
1.534503
4.164518
1.206975
7.032933
9.202037
4.822700
-0.128833
4.603991
4.944634
4.699102
6.544122
4.219820
4.314994
4.475288
3.772433
5.236931
9.027034
4.294956
2.326645
4.709894
5.240448
6.396965
5.760162
4.376749
5.385708
4.791563
3.338214
5.771006
6.346053
3.519221
7.217110
0.519075
2.805710
5.583559
4.539646
7.465864
2.818499
1.975559
4.157903
3.994574
4.273845
7.627769
7.835270
1.588173
1.495170
3.114041
4.907370
3.453841
2.780890
3.863852
4.568991
2.709838
6.647171
4.935771
7.750503
5.579752
2.252797
3.804676
3.153581
6.743450
6.314074
4.957091
3.995055
2.526354
6.620016
8.118251
3.129873
3.220223
4.722560
5.648202
8.000448
10.354945
3.919724
5.179489
5.931261
5.934030
9.475942
4.820217
5.819197
3.032011
3.926207
6.705546
7.560414
4.929664
7.903472
4.274666
6.438419
7.061074
3.775338
3.522968
6.800692
6.269910
4.140745
5.771585
2.793595
8.784730
5.884612
6.826362
2.661573
5.701833
3.110787
4.447669
4.463181
5.870208
8.448888
4.607100
5.485410
2.059477
4.775477
6.596923
3.508424
6.598357
9.482102
5.138670
2.986374
8.028860
4.970339
6.508271
5.688661
7.422288
5.516789
2.996665
5.153668
3.067717
8.520609
3.539994
5.585950
4.535624
8.520650
4.849129
7.259735
2.060694
4.869246
5.300128
5.576273
5.122075
6.184313
6.266083
4.015482
3.546525
6.907298
5.415141
3.855026
5.114366
6.495726
4.882720
6.051241
5.760768
7.260733
7.395102
7.405627
3.732594
4.412639
4.269712
3.054538
6.775515
4.867035
2.128585
2.885214
8.257827
2.609248
6.496322
5.871397
5.458442
3.170062
5.654873
6.924683
7.419749
2.476365
7.889029
7.537360
7.814073
5.299360
3.845309
8.745118
5.868164
-3.046937
5.943626
4.779802
6.059592
2.489459
2.418464
3.128764
7.788724
5.378937
4.532163
4.628548
7.396618
4.256853
4.633959
2.819505
3.393718
5.473089
1.949652
8.661134
6.043809
6.672775
3.165834
2.274680
5.293729
2.085670
4.206158
5.631315
7.105404
5.055212
7.691883
1.722772
4.820942
6.562445
5.887490
4.014911
1.213691
6.383823
4.382183
3.555990
5.300217
3.326485
2.187786
4.166151
2.323022
6.967902
8.305556
5.683835
4.308904
2.902112
4.023284
6.582475
6.573053
3.680495
5.970927
2.286455
1.945801
3.340125
3.432826
3.989693
4.554173
8.107656
7.226937
1.946142
5.285670
1.221260
2.717372
3.481667
6.600859
8.094332
2.977062
4.298813
5.395364
9.646383
0.653051
2.568440
4.105328
4.747083
3.356431
4.235756
6.396924
4.578392
8.560667
3.485707
6.257969
0.355889
4.435358
4.427758
2.499080
6.094356
1.613076
2.171979
8.293856
5.067699
6.150572
7.550842
2.417569
1.579164
3.458215
6.342928
5.903093
4.459624
5.786778
1.727061
5.077404
2.516845
2.484704
6.651265
4.235713
6.529463
6.454206
3.139916
7.900956
1.998562
5.593664
5.621274
1.794017
3.835048
3.458438
6.902041
5.650593
5.365995
9.930911
5.543719
4.305082
6.541602
7.067284
6.167748
6.852638
7.794654
5.412405
5.259495
4.868259
4.521207
5.747086
6.346032
1.438373
4.016096
4.382631
6.680569
5.965433
5.329065
7.933849
7.987484
3.476957
2.715981
5.830931
5.554612
5.349803
4.252230
4.006355
1.667189
4.887456
6.530780
3.255031
6.027028
5.667041
4.931630
1.986567
5.847852
5.339352
3.582931
5.357333
2.899983
5.658142
4.455782
7.052986
4.386844
6.064907
6.761177
6.743238
6.636516
2.794940
7.106097
7.071198
7.013011
1.702945
5.420590
1.592011
5.161538
2.440934
3.338296
5.968199
1.890320
2.113428
6.909030
4.810491
6.672131
3.650091
3.129733
3.389831
9.101043
1.062813
5.706165
5.525215
2.440025
3.734546
5.906941
8.326835
6.166010
6.430718
1.287617
2.822968
7.135580
9.034490
5.196004
3.986435
4.690804
4.507139
5.375645
4.938312
5.336377
6.009273
5.958532
7.268128
8.059159
4.443468
3.317638
7.020325
7.693426
6.525144
5.820807
5.861199
2.529727
3.952973
3.754317
4.030197
2.388765
5.037349
4.470634
5.118684
7.405557
5.019875
3.125900
3.447172
7.405949
6.642278
5.270485
8.109628
2.547466
6.009915
2.479861
3.277569
3.585828
5.936774
6.242943
5.344018
5.664173
7.289519
2.428102
4.036690
4.024147
6.788192
3.644941
8.361087
5.912928
8.608853
4.134439
3.167296
3.364634
6.840714
3.674108
3.124146
4.471230
8.605321
4.719481
4.518405
4.569360
2.847590
8.682091
2.986629
6.973793
3.101125
1.525116
2.915923
4.594642
7.696389
9.089570
7.754213
5.762019
3.898945
7.057987
4.378771
5.301234
6.706131
5.675151
5.995621
5.429762
5.122763
5.416622
4.854510
7.209275
3.388162
5.726230
3.471779
2.513335
5.691423
6.713701
5.163667
7.364434
2.386662
5.191082
4.853692
6.735457
3.991730
3.376656
3.692462
10.694669
2.451965
4.990083
7.792471
4.672139
0.914939
7.394801
6.056766
6.353765
3.555818
5.840312
4.864014
6.376682
6.331925
2.893198
4.413439
6.064087
4.415545
5.315636
4.956002
6.139051
3.564095
8.032147
4.764204
5.023011
6.167693
5.772965
5.982365
0.896770
1.383892
3.451856
7.617022
4.441732
2.865300
2.896229
1.937086
5.896520
4.524034
5.061820
8.261718
4.975043
2.845639
5.226044
6.071482
6.799180
2.553419
6.264629
4.124446
6.049908
5.960314
7.817555
5.514579
1.738930
8.549488
6.133898
4.057794
4.093891
5.195618
3.575067
6.250584
4.199801
4.288583
8.640421
5.807878
4.419992
2.465621
6.698302
3.932923
8.133927
3.619327
8.580390
0.421487
1.710589
2.537964
3.743086
3.761530
5.183638
4.066086
1.511687
5.170304
6.499408
5.344823
7.824774
7.351809
4.677254
6.580771
2.894812
3.505141
5.883702
4.477972
2.602422
6.716649
5.368632
5.934017
3.059946
3.626489
10.048458
0.551283
4.805099
0.035663
3.852111
1.587393
0.689349
4.790478
4.460541
5.645140
8.532569
6.270966
4.364238
3.549905
3.902882
6.820033
4.138386
3.290545
6.277137
4.624355
8.593621
3.683779
3.732011
4.140237
0.048096
2.382508
1.409312
4.275493
3.306507
4.793513
5.576539
4.078902
5.417817
2.806170
6.850434
4.955174
8.653534
5.811737
7.487709
4.372074
5.777067
2.678134
5.626709
3.858094
5.132806
2.572359
3.997996
6.441907
6.930476
7.648719
4.351366
4.730758
5.145264
5.160134
5.371384
6.525543
5.371671
6.424249
2.949567
3.921656
6.920414
4.082402
4.079986
4.750880
2.054049
4.695098
5.256939
6.300487
10.392959
3.107575
2.435938
2.943716
2.019274
4.392277
5.840591
6.728182
2.083624
6.248455
3.144241
2.094211
4.614653
3.615941
4.482255
10.010843
1.541274
5.726807
6.849774
1.966346
5.166226
1.467925
4.216600
5.588771
8.954437
6.024948
6.724974
6.113917
5.744660
6.040057
7.953806
6.474740
0.801474
0.966430
8.023473
6.597992
4.982891
7.130852
5.198700
1.882618
6.505231
1.600433
7.247298
7.333390
6.771114
3.303177
7.790724
7.432798
2.799655
2.015154
5.916728
5.369384
5.111242
4.217283
8.810708
7.647234
7.642880
7.983807
2.575963
8.411940
1.686376
2.594720
5.009735
5.350626
7.110504
1.974908
6.948991
6.424031
1.846555
10.538746
5.567469
5.914293
3.389051
1.637191
5.070273
10.394643
5.153718
4.274476
9.227326
6.043155
6.892172
6.737956
4.392168
3.317601
3.972471
3.389889
1.179239
4.081136
4.722599
6.660806
5.704724
7.363038
5.492224
4.459202
8.303269
3.226371
4.679697
5.032957
3.608126
5.168363
4.075325
2.656034
3.995403
3.420317
3.853062
5.435600
4.446932
2.787514
1.736627
4.665825
4.242791
4.133760
4.494344
4.155664
7.028793
5.462979
5.548901
3.474721
8.381133
1.973192
3.727598
6.552141
2.749863
6.202478
7.616989
1.659670
3.369763
6.168351
4.335425
2.665184
4.286010
4.538469
1.895262
5.835101
5.649190
6.212999
6.662811
2.843747
2.334303
6.539118
0.973146
5.267897
3.980541
5.740064
5.441949
7.348321
2.605611
1.822387
6.230660
4.656698
3.662937
1.931257
2.639411
6.674574
4.304364
2.789439
4.876771
6.947809
1.877821
3.784925
3.866891
4.584274
3.916383
4.427095
3.848633
6.873484
4.118896
4.657490
2.445125
5.298986
7.894877
4.759623
3.985530
4.835230
4.420370
7.311461
4.747273
6.499879
5.954619
5.385599
4.693670
4.704135
6.633353
3.817834
2.816109
7.839407
6.394167
4.718680
5.463580
4.207229
5.270365
6.970819
3.072277
2.494449
4.652479
4.773891
-0.388417
9.275404
5.598242
6.203143
2.315718
5.273578
4.471804
4.225157
6.175903
7.051810
1.724765
3.722284
5.707496
6.237004
4.941604
1.532332
4.799663
4.675762
4.180678
3.864834
2.669927
3.080933
9.009068
4.007279
9.009299
5.457882
4.973248
5.165883
5.099764
5.834392
5.166245
2.962881
8.914329
1.478856
5.897377
4.459644
7.157462
6.517172
3.911597
2.530032
4.939987
3.114652
7.334167
7.646572
5.195916
3.584496
1.905633
4.206359
0.983565
7.331483
2.821920
2.940070
5.251567
10.141489
6.288526
4.777025
4.753753
3.984831
2.674336
3.533228
4.327194
4.744181
3.777635
2.941838
4.005726
6.388159
6.912216
5.822191
3.282201
8.269412
0.342622
5.300545
3.563879
2.506363
0.367219
6.369682
7.439478
0.992476
1.135439
5.564182
7.255217
6.568017
7.965467
2.434699
3.156685
4.395213
4.913328
6.608379
2.875481
5.145890
1.196327
5.128908
1.578383
5.640541
4.960068
5.223319
4.983377
5.981947
5.204901
1.757059
7.532010
4.372982
2.201733
5.609496
6.718791
5.384792
8.116551
6.314038
1.556445
8.849893
6.032122
5.033017
3.050737
4.743435
4.215462
7.324508
6.310508
7.448782
6.323872
1.525722
8.826835
2.314774
6.729282
5.915752
3.693137
9.099817
3.725922
3.468697
6.985754
3.095799
1.526143
5.872343
3.134680
8.294629
4.673175
2.574636
2.530850
9.566177
4.390927
6.133207
4.270332
5.704558
5.599253
3.638445
6.575262
6.496086
9.105975
4.942039
8.054141
1.562541
8.063020
5.121027
4.316682
1.664238
-0.170135
9.964683
4.401087
6.507310
7.723186
2.127282
8.878177
6.172581
6.589321
2.555569
2.202940
6.830502
8.411170
4.807377
1.776017
7.371173
5.490177
2.053562
6.435331
4.806015
3.468894
2.674899
8.610764
5.752828
6.515905
3.259688
4.027917
5.045899
6.777035
8.436355
4.792704
6.043112
5.919741
6.014618
3.819764
1.521666
3.094972
6.323504
7.342362
4.560869
6.170563
6.184308
1.783208
8.503856
1.231106
4.226719
1.904702
2.487631
5.334886
7.800069
5.225176
7.120147
5.761341
7.787344
5.943637
4.086366
7.510663
4.225107
11.846816
5.867007
4.087235
8.153234
4.182706
3.453387
8.836741
4.369902
9.037350
5.142972
5.381640
4.877581
6.669230
5.792637
5.513271
3.846809
7.839243
7.819109
4.431892
5.416807
5.411748
4.534964
5.141117
5.814135
3.497643
7.307945
6.366228
3.831832
5.850224
7.966150
5.767226
5.885835
4.958534
2.555378
5.295937
7.742239
5.676092
4.505735
4.742686
1.535583
5.969332
4.363851
4.165875
4.744316
8.397268
6.261931
4.842007
6.416191
6.386119
7.964200
4.804769
5.991020
5.064495
5.162401
3.006461
6.833073
5.441346
7.054135
3.966793
1.996919
4.494210
4.108029
6.354856
6.468681
3.100850
10.148508
6.603326
7.339089
2.841263
5.192452
2.178793
9.059059
6.750172
5.186182
3.174804
7.131326
5.621187
6.005652
4.302974
5.337302
6.455223
0.575033
2.665696
2.113669
4.362162
3.000931
7.460320
8.740879
4.067554
4.152709
3.366936
3.326020
1.986762
2.232926
1.631612
4.218420
3.105998
8.019027
3.914718
6.876041
6.061537
4.778473
4.423220
6.479241
6.616748
7.858658
5.251169
5.859623
3.885971
5.276205
5.026009
5.932818
4.758711
7.271610
6.230404
3.304930
1.643978
4.793704
3.760822
2.826165
3.670441
4.066764
4.925465
5.648029
2.118384
5.048483
3.001195
3.097429
4.605650
2.880220
7.354083
4.777490
3.888368
10.037256
5.520916
2.797203
1.415911
4.839074
9.157095
7.961979
1.924840
6.549161
6.020139
3.694681
7.810730
8.829017
7.858831
0.801281
7.019154
8.267850
5.040183
2.433313
2.856356
5.129531
3.956944
2.764293
4.845817
1.932720
5.946233
3.082302
3.762786
5.048646
5.495573
9.716924
6.365819
5.205358
6.082958
5.334787
3.940694
5.136993
5.452584
3.379784
4.877008
4.042481
5.256999
7.879094
5.921537
6.457776
4.186537
8.287658
8.098976
2.812353
7.846174
3.874311
6.495362
4.971988
3.475801
6.366636
4.034629
3.402917
4.780605
7.333530
4.996291
3.620178
1.718885
5.122712
4.741114
6.417319
2.166894
7.473286
8.157030
3.058570
4.143408
0.707768
5.143524
3.463932
2.467832
7.363824
6.788984
8.177465
5.213238
5.429829
4.869860
3.549109
4.530843
4.808645
4.089756
2.333057
5.016712
4.543543
1.482828
9.327049
6.436877
2.191069
3.860606
6.874620
7.375119
7.831473
2.471374
5.520073
1.301286
4.980553
3.858708
2.800312
2.891398
5.202691
4.394872
5.987994
4.666078
2.945521
0.506057
3.573671
3.642942
7.290062
10.548999
4.168766
5.118609
4.674538
7.444456
7.220135
4.289958
0.604259
3.937030
5.022698
7.370958
7.339656
5.876763
3.294096
5.229695
4.496313
8.593655
3.335870
4.720262
5.687439
7.485307
5.698191
3.427516
4.674542
5.417852
9.181279
6.335011
3.806767
6.424118
4.145928
5.782083
4.150182
8.744208
4.728752
7.686493
5.470543
3.172854
3.958246
3.733845
5.382111
7.608337
8.431010
-1.140159
6.115190
6.160781
7.824988
7.825483
3.246862
1.799417
3.330190
4.656049
0.470525
3.840515
4.372505
6.742390
6.164441
5.483096
2.877899
1.955802
5.506047
5.318538
5.921312
1.382407
5.219597
2.199593
7.069132
3.678810
4.812278
8.724944
7.437439
4.857615
2.889572
6.955071
2.945002
4.259077
7.298857
5.113904
4.086327
3.061270
8.979880
6.618512
4.907564
2.142880
6.846604
0.449504
1.723540
7.544821
4.761836
5.639096
4.987303
2.694799
3.738835
4.899219
1.357007
3.566879
4.787162
1.394866
4.082469
5.216470
3.420096
7.999104
4.060118
4.408869
4.652221
6.811250
4.942377
3.427952
5.542295
3.742120
4.487900
4.840564
2.193820
4.051886
5.558770
6.955867
5.453626
3.352839
5.735400
5.076022
5.907530
3.279581
5.254334
4.619254
4.319959
5.270001
7.614029
2.027698
7.043253
2.790970
7.321388
4.860433
3.571143
3.680327
6.049946
6.677159
3.578444
5.959349
7.494943
5.293835
1.394754
6.552993
5.746842
2.691611
1.571702
5.793907
2.715635
7.031462
4.678566
4.051019
7.025788
0.778121
6.405746
2.859884
-1.369643
6.734753
9.403981
5.670525
9.250039
4.358982
6.055627
7.203396
6.410969
7.528993
4.042870
3.314345
3.726027
6.345615
4.919761
5.816972
3.058762
4.453067
5.246017
5.200027
4.860507
9.309037
4.751746
3.361852
6.064427
2.630815
4.419550
7.037717
5.928789
3.726091
8.450259
6.026062
4.821236
2.951983
5.467737
3.477433
5.750800
4.502555
6.760506
5.839666
5.125176
2.194504
4.684336
9.580438
6.452176
4.016871
0.320083
1.526112
7.949614
5.446729
3.893069
6.753293
2.781930
4.789029
3.385657
5.787966
0.811987
5.476424
7.912164
3.645604
1.879482
0.957445
7.243435
8.547897
6.200511
8.239431
5.391270
2.471285
4.054014
7.143828
10.682152
5.450117
3.655988
1.014278
5.148227
2.620619
6.745337
5.972286
5.077137
5.647885
5.666232
4.446383
4.713607
3.499052
0.934276
2.693395
2.105088
7.112464
3.281065
6.461113
7.896295
6.012036
5.007820
3.695321
5.050555
4.158324
2.308938
4.397640
4.165327
7.491140
2.608362
4.080942
5.125701
7.377151
6.583664
8.532398
5.672744
6.503172
5.687225
3.589748
5.362049
4.672074
2.917481
2.550307
3.030905
2.567774
8.112006
5.989837
3.805980
2.973170
1.563487
6.342763
3.924107
3.876256
4.217921
7.633205
8.650479
6.597158
7.354809
5.241643
5.899207
2.705008
1.669116
5.070892
8.066155
2.572940
7.746935
7.324901
4.897117
2.693343
4.119126
2.094252
4.049049
7.071286
2.323972
4.621516
6.727124
2.853283
2.768606
5.068272
5.291456
2.936269
4.365643
9.298575
4.050425
3.134506
5.698381
6.560743
5.860499
0.646011
4.384479
3.609573
2.809272
6.264765
6.354242
7.552806
5.742953
5.593805
7.285816
4.186169
4.914513
4.780675
3.697621
7.618282
6.089860
3.530134
6.801423
2.256785
2.871294
6.861514
5.777877
2.764932
5.897617
4.535398
4.730239
4.441824
3.941647
2.555071
7.529799
2.614335
5.293567
5.761797
5.940206
4.593709
6.926428
7.587415
3.981118
7.428831
5.168049
2.924207
3.683228
6.094959
5.616537
7.750409
7.211928
4.985407
6.888492
4.988399
4.542509
3.894737
4.939353
9.564843
2.627958
7.871525
4.584298
6.630267
0.970108
6.827214
1.653718
3.829748
5.550259
5.344664
5.108523
3.088635
1.959249
3.773927
3.473393
8.351689
3.133938
4.035208
3.277135
4.481390
2.891254
5.561486
2.933340
4.085083
2.716542
6.199546
9.248640
4.933149
5.783599
3.641885
11.763356
7.258114
4.756419
5.776437
6.723573
-0.732941
8.318821
1.134425
5.976465
0.973850
6.217063
3.487042
5.780623
4.753555
6.848332
6.996392
5.016149
5.813729
4.243301
7.218196
2.359420
3.917561
2.948044
3.230777
4.934602
5.067411
9.226185
5.292213
5.078836
8.253430
9.075853
5.112205
5.185377
3.044065
8.029911
6.994021
6.839313
3.431671
8.725157
6.094933
7.509964
3.298386
7.372550
1.548854
6.685001
6.616780
4.204599
6.748103
5.331087
9.113002
2.852097
4.842908
5.898604
8.293646
6.734430
7.574238
3.263637
5.179948
2.651744
7.088144
4.139694
5.026917
2.377474
4.727198
4.502616
3.921176
3.809229
4.873770
3.279860
5.405660
5.249175
5.430807
4.008140
7.653931
5.789620
4.402678
7.471418
2.762010
5.586579
7.902725
1.334195
6.450551
4.657589
4.559789
4.675564
5.669951
3.268577
6.279195
7.009790
3.195289
2.780450
7.101289
5.275643
6.830983
6.269807
3.618454
4.190491
5.228344
3.527223
7.023759
3.423462
5.545792
2.235979
4.046845
0.996478
6.868542
7.695477
5.330049
1.302424
2.517141
0.052707
1.862101
9.242943
1.333977
4.683915
5.979466
2.813847
8.897767
4.706768
5.138187
8.010363
3.362871
3.733259
6.028176
0.051188
6.426873
4.540391
5.212510
1.373370
9.183159
5.871936
5.981994
7.623570
4.030511
5.860283
6.467923
5.445559
2.982196
6.975133
7.082397
4.439188
5.084229
3.262522
8.939817
6.094501
7.035373
5.109646
1.819944
7.859551
6.869888
6.080771
1.389389
2.395279
7.392416
5.169446
3.384592
5.952131
5.023562
2.130608
3.297229
5.801290
7.142995
1.757280
2.386220
2.992788
6.096269
6.610586
3.651490
5.419056
1.628421
6.775698
3.363452
7.521494
3.824341
7.064060
3.268077
4.452800
6.242200
6.840682
4.577393
9.009646
5.589927
5.755379
3.923400
3.859625
3.808712
5.653741
4.429592
6.094081
3.376413
3.242633
1.664730
4.938527
5.378383
5.051067
6.355289
8.573341
4.306553
4.258912
5.081882
4.360170
5.910992
3.008244
7.375609
7.252872
5.162450
7.610028
3.750218
3.214004
5.734002
7.432834
6.869855
5.476499
6.041856
6.278662
2.677548
4.229425
8.444339
3.472914
0.295158
2.902010
2.357834
5.100414
7.099342
5.789182
2.190467
5.885208
5.247510
6.756455
4.006160
3.162012
6.075208
3.205057
7.796589
7.819497
7.941660
3.725990
5.809773
8.214560
6.159744
4.341330
2.451478
5.181044
3.749634
6.611816
5.866121
5.431029
1.937938
4.057822
5.649199
3.011284
7.493337
3.538640
5.380652
2.726914
5.983461
5.243949
1.297259
6.999868
3.366397
7.418211
7.795122
2.585207
7.899491
6.836393
5.063769
1.974989
-0.174773
6.270489
8.477959
4.312674
5.960097
4.309868
2.831612
-0.180747
3.865617
5.298663
1.071657
4.487567
6.166965
6.090186
6.366758
5.630095
4.279310
5.703296
5.770043
6.636599
6.110315
8.931033
5.993875
4.526814
3.843138
6.834446
4.240327
7.765813
7.446256
6.333899
5.012046
6.754334
1.986417
5.520745
1.373202
6.525325
6.397069
1.945590
5.117218
5.604222
1.285189
4.738395
4.361082
3.979078
5.226839
4.558025
4.494043
2.769325
6.723019
5.474132
4.837556
3.028359
5.976201
2.916788
6.825688
4.569158
4.616575
1.345183
2.747479
2.730793
5.326076
5.531642
4.254812
5.823582
1.272439
6.868428
5.400561
6.018901
-0.961766
5.935194
6.366145
6.327377
4.499399
4.986770
4.358662
4.537684
3.960116
8.876305
5.109420
5.425870
7.677953
3.682253
3.865883
1.730663
7.393400
5.262903
1.583094
2.635161
6.880630
2.629096
4.832365
4.147864
6.226500
3.105511
3.842487
6.136962
2.981417
6.352808
9.072405
4.251629
10.340827
-0.732993
5.369406
1.902392
1.539918
7.891492
0.950683
-0.909720
4.280971
9.593841
1.428957
5.055295
0.245728
1.383104
4.208044
6.923527
5.523070
3.580152
7.672653
9.562855
4.922631
3.005980
3.394550
6.235247
2.062580
8.040919
2.122541
6.514403
3.685824
4.802706
4.909903
6.964474
2.112729
2.322862
8.126393
4.717464
4.184749
3.355812
3.862235
6.405220
6.219920
9.076982
0.167988
2.177818
1.884777
3.448457
4.628132
9.652129
8.966806
4.908997
0.075681
5.440110
5.649796
5.329456
3.888252
5.939933
1.532898
7.809157
3.132315
4.213666
3.254447
3.069627
5.441895
6.990543
3.959496
3.152557
0.839570
3.265025
1.951933
5.219470
5.486091
3.415146
4.362444
4.463997
-0.334569
2.332369
5.971847
2.882188
2.639687
5.009946
6.474653
3.694874
4.341933
4.522155
7.322345
5.712294
4.746524
6.779001
2.779018
1.867132
2.701769
6.504154
7.824862
6.366198
5.138865
7.741187
5.362459
7.156847
4.350209
5.896171
6.181214
6.507493
5.489369
9.904728
2.504673
3.696296
5.063615
6.610540
5.674053
3.369663
4.851705
5.338987
4.611477
4.002579
6.822518
0.867967
5.393421
6.846484
2.579886
5.320920
4.302490
3.289182
5.564367
5.761909
6.602217
5.890589
6.720077
4.898944
3.769260
4.525460
1.475113
8.237580
3.041178
3.860524
5.057622
4.385523
7.293833
2.866664
5.007128
4.999610
5.479186
3.594114
6.883432
2.733851
2.842601
6.869837
8.050292
6.939995
4.681223
3.030355
1.790485
1.462325
8.628636
5.372817
7.415944
2.039968
6.338583
7.500561
4.611145
5.593711
6.303674
2.291145
7.854752
3.388140
3.898721
9.256952
6.302607
5.668360
3.140834
5.313593
4.581931
5.402788
6.145883
5.187874
8.745960
2.738266
1.822799
4.554454
5.969186
4.523615
3.816236
2.102479
5.981941
4.918539
6.599893
6.135715
3.607749
2.075297
1.705273
6.787199
5.994372
4.100562
4.624601
5.780862
7.454073
5.452154
4.189840
4.932250
5.570295
6.476863
4.119487
2.368424
6.063840
5.682775
3.438709
6.819162
4.994429
1.830139
6.138966
5.379278
7.085278
9.514658
3.462845
0.993950
1.128710
3.747849
7.574230
6.341633
2.681392
8.466171
3.540586
5.127887
1.122148
3.169052
9.382086
4.848549
4.863289
2.871020
4.881941
9.277623
7.594313
3.682838
4.945466
-1.759492
5.867076
0.979780
3.691419
7.082422
5.044546
5.160753
4.412761
8.809477
7.829061
6.360594
3.730901
5.507648
1.261697
3.056247
4.533868
5.921402
3.128235
8.135140
2.469434
3.768249
8.124271
5.116722
2.787066
7.773149
6.439579
3.993311
1.993716
3.240663
4.778745
3.590022
3.599964
4.887758
3.738167
6.808620
5.032309
5.977621
7.837441
6.089600
5.936113
5.450732
1.862141
7.628512
1.578262
3.691795
4.808786
4.382239
6.367534
3.307618
6.333231
3.419556
5.775091
5.833010
4.385305
4.247438
3.158965
3.926012
3.202317
2.557388
8.282569
4.785975
6.484050
6.854759
7.319981
5.814587
10.137262
5.402451
4.667022
6.899113
4.848320
5.262510
5.419117
4.693367
5.781265
7.782300
5.421664
3.257209
1.665613
8.581882
6.440819
7.907065
4.896935
6.746952
5.824389
2.047956
5.706150
5.610370
5.022066
5.751839
5.721328
3.924586
5.298347
5.104844
5.660378
7.417230
3.302697
2.534245
4.387016
2.036940
7.412229
4.776822
3.039564
5.661473
7.023587
2.375902
3.397185
4.632243
6.103265
5.940857
6.058908
2.330017
1.929150
5.040578
4.971363
7.045010
3.924709
5.492538
5.751565
5.109351
1.350445
8.870012
2.957320
8.638784
5.062139
7.273864
4.679903
8.898876
4.760771
4.140230
5.794472
6.704229
8.055537
5.958678
3.758104
3.337195
7.226915
3.595541
6.142936
4.105951
5.877194
1.824834
3.352089
3.698470
5.614099
7.413378
3.215004
5.813898
6.371799
7.057265
2.323773
4.733532
3.009232
3.127629
4.333853
2.005324
4.111168
3.296311
6.684325
7.236551
4.302384
4.104021
0.785781
6.602858
5.070827
4.439687
5.333544
5.249507
3.553408
5.489196
7.516679
4.909528
5.808701
1.125495
3.600996
5.584357
5.136349
3.267781
6.516193
4.581839
7.653649
6.348407
2.597671
3.951088
4.769522
4.143526
7.887848
0.641739
6.550769
5.092273
8.625325
3.505965
5.513376
6.286465
7.685030
7.255605
5.197755
5.714620
3.814389
7.885697
4.292715
5.595485
4.350305
4.214971
3.210875
5.289424
7.199590
2.871382
3.580770
4.818332
6.449478
7.223348
4.064052
3.976782
5.452413
4.830633
5.638917
5.725309
5.888527
5.898115
4.679721
4.777218
5.576993
5.790356
2.966449
3.085802
8.500012
5.945716
6.789418
6.779903
3.359281
5.896652
5.793944
6.699353
7.803851
2.963515
5.506580
3.434921
5.703109
3.207761
4.574215
2.788210
4.042818
4.272622
3.777328
2.335087
8.224984
5.067490
7.996270
5.679749
4.453623
9.030009
10.094151
4.634341
3.287810
3.911888
3.299972
1.709971
5.433709
5.467912
2.383092
7.854095
5.300007
4.325349
6.415385
6.157599
6.650807
6.090152
3.062717
6.351101
2.132275
2.306626
5.179942
3.725465
6.611836
7.165404
4.752611
3.775556
7.073367
4.721608
7.256877
5.495812
7.545259
7.580713
8.487458
6.061324
7.432322
4.286058
10.626309
7.229156
4.975656
5.698092
10.434308
4.723373
4.901208
6.788812
7.089447
3.771144
4.292025
4.929904
4.846358
8.043859
4.068373
4.092234
4.246916
3.790721
8.674004
6.359175
7.480568
2.274439
1.462766
7.377406
5.104519
7.722701
4.968586
4.971887
4.292137
3.337445
8.645515
5.719161
4.578719
4.567077
5.570641
6.570057
4.355619
4.914893
0.637840
0.599201
7.231681
6.541345
4.955907
6.904763
3.770596
6.528821
7.915035
4.142312
4.938855
4.186641
3.756701
6.513299
2.516973
2.816803
5.652573
5.279380
6.428366
7.430555
7.736960
4.447763
5.356397
-0.454576
8.553274
3.785616
5.656508
5.330193
4.167087
5.861023
5.800361
5.059400
5.913953
6.230019
7.265083
2.461459
8.478637
7.026225
3.851663
5.281530
3.382779
4.667863
3.444442
7.452283
3.773207
7.099924
6.071766
2.697125
4.620477
11.288761
4.344971
0.543971
7.664937
2.572050
7.669242
4.778818
1.831833
4.807471
4.493154
2.150236
5.450724
2.546432
4.108061
5.794159
2.310790
4.811672
1.995903
8.229414
6.004484
3.376588
8.421748
5.953408
3.340362
6.304037
8.857767
8.675748
6.502835
5.693245
10.525197
3.988608
9.000561
4.131044
5.530447
5.740725
6.075762
5.724394
6.991168
2.825940
0.786173
5.829046
8.569042
6.867066
5.457248
6.461609
2.434682
5.844619
5.551176
9.501861
5.254512
4.004097
3.104330
5.677536
4.149877
3.689723
5.538923
7.557177
4.754360
4.187648
5.676172
6.064118
1.726599
7.714541
6.011419
2.644676
3.748087
3.239264
3.997202
4.354690
4.660702
7.584883
6.110100
3.721756
4.137729
6.561907
4.643813
2.744558
6.774943
5.676970
4.791159
5.864542
3.956041
4.180737
4.048920
5.139068
3.444589
5.890122
8.078032
5.088801
5.989507
3.404085
4.957965
6.674981
4.805399
5.978681
5.216741
0.386226
4.872656
3.808985
4.739805
4.682682
3.950517
2.375306
8.689612
6.929322
7.111945
4.622784
1.739413
3.447805
6.053545
6.554511
7.658093
2.918469
7.360006
4.916618
5.606284
7.119480
5.722962
2.343560
3.019487
4.104781
8.293312
6.054373
-0.831873
4.641935
3.718172
5.500943
2.703169
-0.544937
3.793888
2.723236
6.281529
5.593666
2.730017
4.661793
5.982719
3.896386
5.500189
4.178781
3.331592
2.665429
7.237442
5.622506
1.657329
2.700585
6.435705
4.278768
5.711530
3.940269
5.475573
5.511214
8.023925
5.941565
3.748355
8.114439
4.247712
9.958638
6.566475
5.375349
4.563318
3.609097
4.834965
7.966255
6.519687
4.336346
3.363410
4.359891
5.026547
6.705153
4.792096
8.453830
4.947013
5.289885
5.506977
3.726758
5.002454
4.028771
5.255869
4.582318
1.971362
4.570182
4.359914
4.277133
6.726124
5.091345
7.943321
5.112804
8.465322
6.659761
8.326389
3.140554
3.293749
8.095528
3.415581
3.326913
5.316862
4.858108
10.682177
3.534519
6.139326
2.773640
-0.366280
4.755795
7.572772
5.981826
2.853014
3.653050
2.009456
6.722524
4.929304
3.941312
1.463029
2.632694
3.601221
5.814030
7.218813
4.926756
4.492782
6.621607
6.794530
5.644079
3.183924
5.045847
4.274981
3.250380
5.332487
5.051886
5.106477
5.406583
4.553528
9.258477
5.133577
1.453787
1.968055
6.261920
7.873378
5.122259
5.056831
3.628147
7.178997
3.797085
6.351665
2.920906
6.490809
4.967438
3.362516
5.018514
6.398037
6.719497
2.580812
3.041294
3.016105
6.352385
7.035830
5.606896
3.996290
5.824077
5.594440
5.800423
1.980879
4.381606
-1.163246
2.646464
4.040034
5.780139
3.335068
8.357332
7.587807
3.845708
2.105160
4.420526
2.538975
5.342026
5.256501
4.143310
6.826998
5.751204
4.258908
7.256917
4.154372
8.144799
5.321072
3.466108
5.694746
4.972823
3.892183
4.554857
6.355708
1.610150
8.084860
7.282652
6.961768
6.186222
5.291092
4.946312
4.724586
5.598450
4.051367
5.465361
5.381808
3.255269
7.734610
5.478679
6.417869
5.540425
9.202656
7.440043
5.268679
-0.691102
4.353249
7.574507
5.094286
2.571007
5.636545
3.511093
4.590890
5.406652
2.502863
4.491655
3.422076
6.636305
2.465437
2.804606
1.567585
3.569574
5.644772
8.077306
7.017829
4.737252
6.123519
4.737763
5.134212
6.543360
8.434345
3.223105
6.237485
5.533720
2.066211
3.903153
2.929323
4.478069
5.442388
5.769465
1.482548
2.378082
6.590824
2.933845
4.280427
7.369111
4.047795
4.081203
5.790127
3.907219
4.465798
6.241129
9.639908
4.015027
5.683738
4.535851
5.628529
7.296788
4.496128
2.788093
3.232073
5.917087
9.161605
5.852258
6.014881
4.625176
2.984309
3.096030
7.033516
5.689511
2.339110
5.664597
8.260066
3.706119
9.167409
7.617419
4.196657
0.544225
6.801819
5.839037
7.455203
3.167193
5.705457
8.330500
2.785233
5.239703
4.867307
3.101004
4.083660
5.593431
6.135198
4.915264
6.126847
5.484325
4.790185
6.002492
7.313799
4.681681
5.534811
4.358364
6.587611
7.214026
6.076755
2.781554
2.676336
2.842783
4.276665
4.131157
7.545035
3.108601
8.472164
3.270827
5.324188
7.862574
7.416938
4.774735
6.682652
2.241590
3.594966
2.971893
3.840923
1.529853
4.470820
3.617325
5.910359
7.157217
6.625962
4.329904
3.900589
5.088773
6.771196
7.440246
5.174544
7.074849
4.296159
4.016083
2.796110
3.370024
8.287629
6.982889
6.910499
4.904730
4.141076
4.349595
6.161558
1.423416
5.540569
4.581566
8.004003
6.450727
9.228139
4.120126
0.154682
3.945261
4.119458
6.070648
4.828415
3.872044
6.756708
7.028177
5.243960
5.109784
3.627088
8.924262
7.687576
6.767263
4.296212
4.747302
4.100057
1.680042
5.011652
5.670359
5.111763
6.956118
10.722716
3.626074
7.324550
1.607975
4.390097
7.507011
8.033595
4.891518
3.162277
8.425569
4.723425
8.082144
5.390161
7.589594
2.828083
2.542491
1.587252
5.195873
4.837601
4.189008
3.852609
5.361153
4.739304
5.964489
2.907560
4.314179
5.739991
6.755797
0.637244
5.344122
9.207593
4.444577
6.385416
7.798218
5.370888
0.769660
5.019607
6.346585
7.135001
4.365069
5.637552
2.814031
4.926799
4.896875
3.728130
1.104245
2.270689
0.909820
2.788065
10.355993
2.438707
8.183676
9.300742
3.620364
5.094059
7.057128
6.603191
6.340086
4.706811
6.183107
1.911540
5.819725
4.377409
7.463469
5.416559
2.956212
3.500184
4.955021
4.921600
5.222819
0.927004
6.275554
7.207359
4.796589
4.322023
4.183668
7.646220
4.181186
3.833303
5.015109
6.991185
3.859357
6.006839
3.281984
5.578424
8.188673
7.446261
5.077989
5.111355
2.403059
1.581770
5.884034
3.658373
5.520068
4.789717
3.994238
7.141302
4.257992
4.224613
5.137057
4.577662
2.522647
2.022097
4.994620
4.232353
1.907894
8.909391
7.391814
8.686046
4.916647
4.407656
4.709256
6.427624
3.048962
6.673674
5.309476
4.848846
6.159404
2.227141
5.418649
3.904997
3.230945
3.686076
4.489690
4.976379
6.643213
6.423037
2.734334
6.884058
7.303851
5.369275
4.137941
1.566795
5.329055
2.134036
4.842953
2.608485
2.905996
10.643615
9.022494
4.573379
4.203041
5.965769
5.859874
5.932322
4.153990
2.266924
4.815419
8.573446
3.405545
7.635494
4.997664
5.472419
5.073183
4.627491
7.056389
7.455480
4.654521
6.093354
2.884054
5.168099
7.414289
5.012643
7.259944
5.868406
6.477604
0.922690
4.935434
1.687280
5.572727
8.987148
6.945944
6.708009
3.173556
5.856223
8.889184
5.772267
1.305816
2.711152
6.656846
6.888582
2.353701
6.516055
7.483030
4.328018
3.429649
7.792846
6.929901
5.458835
3.059734
7.065751
6.725521
7.303472
4.099367
4.652942
2.687803
6.709160
1.779985
3.761585
4.463083
5.416215
4.104206
1.538777
4.736160
7.568529
4.719244
5.028389
6.076269
1.553104
5.995766
3.611170
5.162860
5.137289
5.467588
5.115913
7.338035
6.378821
5.035224
3.362513
3.571527
4.189895
5.436204
5.716209
7.069891
3.485001
3.116113
4.423286
0.158478
4.166142
5.832638
4.021036
9.727548
3.418691
1.742913
4.179012
6.837092
6.426103
0.551650
6.270543
1.613597
2.808886
5.359098
7.382485
4.048620
5.921818
3.938998
3.366718
2.175612
3.867419
6.172830
6.390430
2.090003
5.618118
3.873206
9.153284
8.110920
3.724304
2.856083
7.005889
6.011121
3.666676
6.902102
4.731721
6.275743
4.657348
4.388325
6.438950
3.936450
3.360425
3.900402
6.771840
4.308517
2.237865
2.293903
3.965397
3.671367
6.359951
4.042168
6.023895
9.001255
4.496164
9.681263
5.585416
4.585390
4.931142
7.421105
6.079381
3.286756
1.173311
6.107641
5.066047
3.707102
5.157340
5.566598
7.049923
6.580474
6.244054
4.458944
0.345060
8.300353
3.693350
5.828045
2.509955
3.803251
3.771824
4.653020
2.863422
6.357723
6.715174
4.883865
8.278709
9.495583
2.458853
4.543213
7.405354
4.831000
5.191492
2.227298
1.303215
3.296442
7.523336
3.203237
2.353525
1.385028
8.914153
6.557646
1.238760
3.826540
4.099119
4.442245
1.297164
6.810957
4.792210
8.062143
5.340319
2.818489
4.671256
5.492393
4.552909
5.116647
0.505235
4.151266
5.242340
6.374253
7.012906
3.206536
0.609439
3.876975
4.875503
2.746024
6.042650
4.810741
5.139349
5.865252
4.899787
7.779882
6.617833
11.482301
5.020941
4.337336
6.307123
5.092205
6.239246
5.863838
4.379398
4.779480
4.451714
3.484237
5.679517
4.018307
6.718262
5.464834
2.323963
3.741831
7.834951
8.796618
7.637388
3.920180
2.964756
6.229083
7.263815
6.805965
8.058852
5.963653
7.113230
2.849801
8.597160
6.897739
4.430256
2.947601
7.356076
1.499574
6.460454
3.054830
4.497442
6.033322
7.802797
5.203128
6.133715
4.435906
7.787813
6.052249
4.262684
5.655665
8.535444
5.309119
6.269083
4.528083
2.760361
9.164973
4.711633
4.147766
1.052940
3.857068
3.456330
6.225880
2.133552
4.912369
3.891011
1.397753
5.061610
4.451767
4.278434
7.354786
3.131137
4.828489
3.935991
5.291479
6.333575
5.041158
1.246827
7.096945
3.957818
1.389760
4.515698
3.149888
5.127904
5.786588
10.134052
5.053758
6.859504
7.845417
4.174920
5.768086
3.868261
5.586997
5.013026
5.593440
5.250788
5.276876
5.841474
2.531002
1.316939
1.034940
6.363232
3.070775
8.209238
2.794375
0.303929
6.489088
6.442349
5.341437
1.961077
5.719279
6.163592
5.157493
2.796303
2.361808
-0.025048
6.995205
5.064348
7.254361
6.847831
3.715751
3.369551
7.571078
1.113234
6.050323
1.467205
7.805759
6.759481
6.604949
2.218093
4.342808
4.817860
5.028789
7.010276
6.942312
5.910524
5.231719
5.822480
5.434242
4.667585
5.230129
4.486851
7.762009
5.263229
6.437318
6.062787
3.342104
5.004822
4.728651
1.894850
6.853123
7.302410
9.714911
5.185635
5.081651
4.941674
6.901757
2.932514
8.945249
4.146070
7.400761
6.306961
4.382542
6.131082
5.495229
5.283285
2.032015
8.033041
6.173116
5.891556
4.509246
3.564689
-1.076645
2.135272
2.300503
3.911636
8.680726
5.668984
5.105139
6.136660
3.246113
8.378079
3.693744
6.585676
5.173842
5.925789
1.870644
4.659519
3.836244
5.542498
5.228130
6.904803
4.205938
7.111078
7.461415
4.575761
5.010695
4.899765
4.381513
6.704757
6.170022
5.208633
7.466046
3.845755
4.705597
7.697490
7.134203
5.181073
6.581695
6.134065
5.930356
4.811335
3.986609
7.044149
5.849373
2.364179
5.968584
4.135204
2.592843
5.819438
5.036850
5.080426
4.108384
5.091142
7.646323
8.297904
-0.483411
9.983556
9.083176
6.835255
4.584943
5.892561
4.343146
5.372777
5.576611
3.575971
5.318551
5.043900
4.572315
1.500390
2.037086
0.231043
3.654001
0.925917
6.369524
1.438102
4.238739
5.723954
5.913915
1.237310
5.295449
3.620986
8.190510
0.271824
3.473415
5.421197
4.116737
4.831523
5.160861
0.662020
8.139422
4.435888
7.792348
0.921034
7.116893
4.344445
5.087665
7.758219
7.014791
5.138765
5.571546
2.530538
6.099660
3.380616
5.079481
3.393510
5.573937
3.468239
5.765780
6.743268
6.592946
6.632475
4.089837
8.950038
6.623530
5.919692
3.947879
6.078323
5.313992
7.197143
7.220236
4.749481
6.836348
8.490389
8.519883
5.155009
1.612579
3.583447
2.710358
6.403136
5.389755
3.927441
4.336690
6.105285
5.134224
5.408990
5.816929
2.372604
5.486571
7.256129
1.723558
8.068578
5.558246
4.322398
4.083891
5.355005
5.215696
1.149328
4.675671
7.673414
5.846353
9.135288
1.101626
5.784712
8.639124
6.218080
5.820882
6.573460
4.259406
3.494329
7.156580
3.835816
4.827600
5.432609
7.927842
4.302319
2.919298
3.192915
4.234054
4.710703
4.854970
3.083807
8.238945
5.651825
3.773773
3.924201
7.392985
1.954585
2.519024
4.442492
5.615977
6.616674
5.305084
3.390659
2.945453
5.065579
4.633233
6.643495
7.824392
3.983776
7.800269
5.127439
5.079671
2.559675
2.154133
4.517444
3.461541
5.049181
4.777738
2.590661
8.468415
6.677507
8.671810
4.597545
7.532558
9.025614
3.835631
4.974526
5.227308
2.046798
3.391964
4.100419
6.149730
4.745779
5.309467
1.719025
3.500157
7.152669
5.906561
8.027090
5.921467
6.769066
6.379417
5.664281
4.743281
5.702222
5.030704
5.772795
3.534234
4.619780
4.990532
6.106252
4.346366
6.038830
4.328102
5.008055
3.498389
6.942628
6.641332
5.910375
3.984313
3.098671
8.027339
6.345192
7.013899
3.919419
1.867486
3.009140
3.989422
2.775348
3.928143
5.413603
3.221535
6.456032
5.096889
4.611987
2.248952
6.092293
6.133623
6.373495
4.909701
4.284184
3.955300
3.405737
4.673411
6.151861
2.353525
5.160832
2.576142
4.639503
4.601953
8.036742
4.264670
2.607903
3.492790
3.796488
7.960203
6.664267
4.277156
6.160067
3.092506
4.133344
4.432772
8.575996
5.180439
4.108601
4.145959
3.131221
4.855534
5.130600
1.538154
4.298620
4.816215
4.200297
7.114400
4.594458
5.643506
3.370413
8.277911
5.476462
5.753673
4.539195
2.294727
6.785678
4.318006
3.470603
2.300582
8.050927
1.605902
3.778106
4.361055
4.202428
3.520578
5.385504
5.086135
2.871703
6.179452
2.959714
4.330099
8.758666
1.872488
5.795024
1.845065
7.703446
3.760957
6.379403
5.096875
7.284446
5.939446
6.192833
5.599333
5.860650
3.379596
7.243499
3.403896
7.158218
3.307493
5.693547
2.272981
1.558099
6.571529
5.123554
5.308199
4.549307
8.788095
4.869800
3.792768
6.901720
4.938752
3.783482
6.493670
3.031253
8.107227
4.299429
9.683485
4.030473
6.148043
4.948452
7.580067
2.790677
3.954560
6.365537
6.025876
5.861778
4.696905
4.758946
3.494255
3.755104
1.994122
5.146544
4.674224
3.374504
3.918302
6.334151
4.174972
6.710655
6.910282
6.734473
3.610522
2.144726
7.357921
6.288523
8.780263
1.913650
6.549835
4.829465
7.020533
2.323425
5.769632
3.871736
3.965036
3.329647
4.240919
6.697307
5.270107
5.121083
4.600504
5.999500
5.620064
8.580320
1.760456
4.837166
7.145868
6.251286
3.736324
2.852414
1.737856
5.571058
5.386483
4.751927
6.287983
4.998588
5.628230
4.333365
6.356581
2.726141
5.459217
5.423516
5.315172
7.517681
6.111637
4.462862
4.599220
3.264076
3.739381
5.864179
8.783952
4.909726
8.994370
3.253243
4.130175
7.754401
7.292451
8.200776
5.846627
3.021026
4.473070
6.699445
2.333062
5.702386
7.476737
7.881807
4.908248
4.799308
4.759870
5.756050
3.613621
4.842313
6.464814
5.603821
1.785764
7.751543
6.701939
2.133721
6.171599
4.813892
7.989806
3.200801
1.877846
5.795822
6.335399
6.029626
4.714532
6.134885
4.869854
4.669636
5.323968
4.530585
6.604303
4.637115
7.027215
7.255393
3.110949
5.259586
4.731170
4.106675
2.232102
7.179065
7.708544
1.584452
8.197370
6.093718
4.733257
5.004463
5.546866
3.275960
6.302814
7.893413
5.446335
5.319185
3.308437
3.883683
4.226947
3.303297
6.162051
6.518282
6.905278
1.641340
4.305850
4.005674
4.204627
4.044370
6.940828
6.994749
5.965062
4.016374
6.056451
1.528575
6.406164
2.655988
1.599670
1.749311
4.119195
5.451318
4.180140
5.530967
4.030268
8.594968
1.356768
2.191400
8.892402
3.914615
4.267024
2.958642
3.340997
3.844648
4.242565
4.371327
2.920103
8.761243
5.661497
5.817686
1.993539
3.217120
5.086349
0.839376
4.952342
7.447057
5.313542
5.595700
4.003805
6.894975
6.543878
4.845954
5.761625
3.119374
6.057056
4.259078
3.324935
3.818877
7.397540
6.643384
5.207367
4.678933
4.530619
6.009766
1.564000
4.353542
6.297889
5.393973
1.768813
4.316316
0.338187
3.297009
0.509636
6.527546
5.387992
2.900254
4.303809
2.824454
3.065543
8.986076
7.370622
5.214322
6.198158
4.250811
6.367557
3.055257
3.787779
5.723989
4.754388
2.523984
5.458063
5.808596
6.807776
7.681334
3.752982
5.214757
7.742271
3.867849
7.542092
6.397662
5.128788
5.396888
4.699217
4.167157
6.109541
10.088316
7.270060
5.097703
8.528018
0.333258
2.174234
6.691195
8.398496
4.142851
3.546145
6.443572
3.135477
2.765639
7.425974
5.226564
4.735319
2.893619
6.492496
2.479697
6.976532
5.492757
0.881806
2.649430
6.423024
7.390014
7.186217
3.966395
6.319766
2.389939
3.557354
4.175643
5.205494
2.888451
4.665082
5.939122
2.922624
6.499914
3.189225
4.906290
1.023370
9.156885
4.151919
8.004136
2.713698
2.840537
3.038639
4.575021
6.261047
5.194422
5.451786
4.065914
2.348240
6.555351
6.741683
7.987861
6.699008
6.589610
10.715489
4.996471
6.948580
7.195128
7.998997
7.323244
5.968431
1.339308
8.324282
2.392417
6.443554
7.389418
5.055895
3.989549
3.149205
3.237283
7.312734
5.599351
5.866137
4.984197
7.287225
3.223915
3.276928
4.107776
4.369143
3.676318
7.663501
5.325087
3.306306
4.691274
5.101952
5.975028
4.497974
3.849594
6.836927
4.668414
6.404032
2.655066
8.378851
9.543525
8.775602
5.061222
2.806613
6.956247
9.171583
4.233464
3.774331
3.473886
7.216334
5.167054
3.093895
6.161242
6.854653
0.874533
9.043812
6.074601
4.423349
5.033333
3.479566
3.830104
6.339410
6.424998
4.312813
8.564193
3.324722
3.517028
3.070146
6.329983
3.017503
7.673062
5.117562
8.122860
7.034483
8.698181
6.826222
5.037409
3.236794
0.033169
5.389331
7.281349
5.509679
7.049216
2.760928
6.514860
6.366552
7.073535
7.643059
2.918830
4.255411
6.532022
4.649540
5.094467
4.626663
9.559172
7.121204
7.649314
3.666102
4.417691
1.584289
4.480208
0.727020
4.396432
5.076752
3.152916
6.246789
3.273896
0.619249
6.007638
6.204843
0.952598
3.975926
4.473268
4.601802
1.386018
4.918993
10.967340
4.349877
9.315820
6.497845
6.599280
5.294040
4.892010
5.080292
7.484183
2.965334
3.159116
3.796178
4.668417
9.812695
5.590317
9.089651
6.915266
5.419660
6.439877
4.473714
5.573838
6.556253
6.481979
5.662754
4.626175
2.567836
5.057798
3.666677
3.683275
7.451435
4.933054
8.352058
7.706219
8.796639
6.699019
5.165626
5.449752
5.882480
6.295217
2.105145
0.854233
5.279707
4.660766
4.498346
3.989116
4.519816
6.749917
7.210411
4.562905
2.739009
0.497027
7.011618
6.946306
4.004916
5.406610
4.338286
9.265688
4.812840
5.141873
5.502042
7.098966
2.629771
3.514241
5.632621
4.728164
7.369298
1.713491
5.288232
5.620809
3.224209
8.861207
8.110825
1.476488
7.955571
7.676121
1.941258
6.846161
3.871662
2.521942
2.453681
5.223930
5.094075
7.240610
7.374686
8.186151
3.404885
6.332385
7.152727
3.127995
6.159003
6.441775
5.284496
6.327770
-1.991653
4.364999
5.247417
8.793899
4.083563
4.232805
1.090974
3.202111
3.322007
1.408780
3.046772
2.682826
5.521619
1.940415
2.089353
0.420411
3.078027
6.200837
3.920848
5.483093
7.201510
6.844978
5.343946
5.525427
7.058508
5.459875
6.919699
7.049965
6.768043
3.720977
6.120990
6.921352
2.865915
4.459312
7.474737
9.476061
3.079426
3.741360
5.250342
4.020428
5.263962
6.241147
5.821109
3.138515
6.119332
8.083631
7.298596
1.485556
7.143516
5.489626
4.835644
6.630394
2.255548
5.315398
3.624570
2.651658
2.799820
6.182593
6.646163
5.268166
4.639009
4.589203
6.328492
4.354659
6.498910
3.236418
6.490455
4.620014
4.686934
1.890455
8.346502
4.004928
5.791008
3.876236
6.020912
5.894508
4.201628
6.233122
4.962651
6.653432
5.796068
5.473764
6.076458
3.140786
3.370971
6.099104
6.829903
4.639237
6.387707
2.743546
4.117675
4.538083
7.177024
2.646030
5.925790
4.532930
5.167028
7.088664
5.003978
5.996959
6.450029
3.168935
4.187120
4.490519
5.891933
2.806979
1.831978
6.536196
3.604169
7.080358
5.122812
4.681319
5.410348
2.753794
9.584345
7.059387
5.315748
4.700741
6.458174
5.247718
7.751008
6.104273
3.819598
5.479686
5.027983
4.253762
6.851114
2.501557
7.311317
0.170419
3.319048
3.601709
5.100815
8.529957
6.255714
7.454880
5.818202
1.432482
3.288390
6.924785
4.657560
6.232734
7.391775
3.468655
2.686701
7.665720
7.880111
5.142255
5.302877
3.342939
8.285728
6.338099
8.468774
3.905611
4.627367
4.547650
6.930153
7.652674
5.513068
5.202530
4.361442
2.774445
7.989593
2.587654
4.542461
6.974530
5.346612
2.197953
6.758326
8.074108
6.900032
3.316821
5.575316
5.713791
5.305930
7.004989
5.321667
6.641185
5.715211
3.687338
6.365690
4.512609
4.680121
3.583979
3.891545
1.364122
7.982515
3.289571
2.476436
3.492680
3.159192
6.369868
8.743672
5.984864
5.320312
6.628794
5.230922
0.317865
6.417175
6.007916
6.126116
3.155612
3.123029
4.140783
2.849895
6.586762
4.312096
3.617887
4.828428
2.472624
4.382690
3.513471
1.577852
5.874186
7.196697
7.151278
4.739340
7.026923
5.945952
6.637567
3.985795
3.570558
5.769858
4.080379
6.887322
4.208642
7.182410
7.855860
7.659851
1.255768
7.129804
7.263237
4.162893
6.359613
5.614713
3.513973
4.842886
2.100287
7.623092
6.103464
5.913750
4.764141
4.017315
7.288819
3.571726
7.072526
1.856973
5.326059
3.966430
8.012168
7.621724
5.040804
5.306100
2.250993
3.435261
9.201209
4.359047
2.870663
3.858771
2.494959
5.411441
5.259291
1.318431
5.728289
4.146769
5.176764
6.186876
2.150507
4.803183
6.917567
3.266976
5.949350
3.234840
6.368449
1.661041
6.264687
5.429989
6.408770
3.248820
5.703238
8.773498
7.845391
7.498153
2.968309
2.812740
5.357212
2.704604
4.869997
6.367413
2.404955
3.495623
3.558132
7.008346
1.822186
2.693281
7.068987
5.150842
5.812278
5.616772
5.792774
4.078557
3.826434
5.789692
5.770554
4.671713
3.055385
7.097959
1.426450
5.566481
4.518729
7.787645
6.358390
5.858493
8.724180
5.052384
4.135526
4.802659
6.883004
4.495043
3.859116
7.150437
6.145529
5.409983
4.993787
5.595770
1.419744
3.900192
4.320236
5.000188
4.453399
5.294304
6.584737
6.932339
5.564569
2.968364
2.812240
2.574765
7.081917
5.322573
8.913104
4.375285
4.047758
1.033794
5.763228
5.299840
4.749232
5.086511
5.546795
9.036162
7.163377
4.171047
5.942552
5.628827
5.460906
5.543757
4.665495
4.039731
4.662084
2.226099
4.617385
4.614409
4.033818
2.789682
8.356677
4.137923
7.014871
4.164086
5.141579
5.130500
7.082925
4.287175
2.770466
3.936505
6.225925
5.046742
2.789623
8.716102
5.366130
5.190315
4.139062
4.443371
6.467008
5.964307
5.412127
3.744107
3.044803
3.461388
6.811741
4.529899
5.926792
3.318204
5.694307
8.763031
3.672038
6.748759
3.869527
