4.315426
1.756551
7.522757
6.872011
4.333183
6.266191
7.225821
7.718086
5.095477
5.395985
3.621771
5.894115
3.588538
4.081240
7.011441
6.025318
8.158453
3.834272
5.569422
1.234063
4.542044
5.580936
7.280317
4.601963
5.280029
4.322348
3.194033
3.220673
6.083930
3.453799
2.558981
7.578641
8.514661
4.233463
7.574980
2.427067
5.180805
4.525541
6.230609
3.735847
2.181932
4.614873
3.853231
3.372238
4.678223
4.366917
4.341125
4.779549
2.663302
8.978939
1.189008
5.469405
3.396413
3.651775
0.000000
3.578009
6.712267
4.855701
3.279111
6.952795
2.817433
2.764251
5.835904
8.093634
5.526778
9.205176
4.976417
2.302482
5.054003
8.339025
3.258275
5.191384
6.139840
6.836232
2.414409
2.840993
7.336965
2.704103
4.587250
1.045337
4.641432
5.687247
2.743030
3.722600
7.705685
2.645566
9.000209
5.923846
4.492650
5.713045
4.005449
5.694945
7.014240
3.721396
8.017593
11.241289
6.498042
6.613774
3.346356
3.105954
5.102442
4.760532
7.830720
4.709685
2.896233
5.483482
0.255078
4.294590
3.731473
4.456303
4.522679
6.671591
4.254074
2.056227
5.811476
4.672189
3.396601
5.496469
3.321610
4.127319
2.892737
3.777673
4.726814
3.183922
3.309074
3.582985
2.863330
6.206459
5.458247
4.891531
3.133108
5.628222
6.920302
5.321589
8.079488
3.571790
5.705044
5.671263
9.386020
6.490562
2.776310
2.682309
5.456377
6.782739
2.658025
1.852054
9.202493
3.485690
1.258172
3.528886
3.018195
5.158256
5.448364
7.178520
5.281368
5.296118
3.201361
1.344027
0.309291
4.141886
5.896757
4.589971
2.941766
5.138783
8.156225
5.160396
5.389028
9.888614
5.328136
4.476341
7.354613
7.878840
7.464089
5.152515
3.106307
3.309094
8.084843
5.114412
5.777348
4.569394
6.744554
4.209391
5.620954
5.851684
7.749934
7.231047
5.728531
3.056253
5.347052
3.746183
4.462830
7.224375
6.540207
1.006054
7.704014
1.969106
1.288861
0.924474
5.959238
7.476630
3.483215
4.478224
3.307776
1.542528
5.540652
4.988644
5.866629
2.605178
5.943107
4.581825
4.501293
7.396534
5.756242
6.015543
3.194188
6.269290
2.391785
2.581512
5.458213
6.101216
5.035687
3.592631
3.223370
10.429337
3.116912
8.711870
6.483013
2.797194
4.671380
6.106397
3.545196
7.137648
5.592144
3.933098
6.722690
6.593578
2.414713
6.250286
4.698507
6.410662
6.127213
6.324517
5.067217
3.246408
3.788588
5.722841
6.563886
5.939978
5.384556
4.573350
4.735506
4.149223
5.121562
3.445476
6.003015
3.424951
2.103584
4.353264
4.940297
2.450470
7.785278
4.818353
1.671078
6.267370
1.637215
3.878810
4.756564
5.896607
5.833883
6.491321
3.013810
5.163098
8.882556
4.667909
7.568254
6.521245
7.887433
3.882166
4.569118
4.336378
6.130612
4.047600
6.077732
4.555423
3.237153
5.756096
6.279654
1.765472
4.019629
4.486432
7.202171
6.207800
9.121548
3.877931
6.730408
5.006251
8.203070
6.004330
7.425652
8.324124
3.763673
6.037521
8.093740
4.963526
7.198468
7.771854
4.656308
5.723632
5.332499
5.653469
3.991225
6.452783
3.958668
4.366285
8.102633
9.396017
5.275031
3.315414
7.802660
3.729017
9.595334
5.560858
4.718498
6.792596
1.229749
3.026524
3.146872
6.250589
5.320372
4.434198
0.928829
8.476236
2.621852
5.778770
6.931142
4.888217
5.283336
5.775993
4.879565
3.568967
6.892234
5.482090
4.165356
5.127224
0.918327
5.168885
5.425679
4.300926
1.362265
8.631028
3.320461
2.882069
4.777368
5.962520
1.976959
7.308164
5.476248
3.413544
3.868967
7.453333
3.539663
6.609259
7.926487
4.392338
6.974577
6.800165
6.119520
4.359952
3.906918
7.572387
3.454497
6.111691
7.629015
7.208281
3.806622
3.093552
6.459704
3.782241
5.076598
5.316810
5.941391
2.768231
3.461033
3.652928
3.712787
3.734170
3.069877
8.470633
5.199933
2.193330
5.746341
6.399363
7.778431
0.995691
3.719449
0.111531
4.355820
5.725201
2.595858
7.425966
3.178515
3.947162
2.568463
8.270734
8.816066
3.990413
4.465561
2.452266
4.712442
5.761319
5.185481
1.692216
8.117458
4.991139
2.568558
6.092014
5.918768
2.584424
6.094889
3.636251
7.181064
6.194640
5.106835
7.366622
2.664869
6.491255
6.956437
4.675656
8.810615
8.180854
7.329863
10.466738
8.478959
6.923458
4.588290
4.662382
3.077766
4.432664
8.425078
2.904502
1.747110
1.979415
5.193389
6.384798
4.023101
3.389152
0.961408
0.000000
8.363525
9.435014
4.584516
7.882157
3.451675
7.152718
9.282849
5.129879
8.606927
3.119222
7.076615
5.928535
3.544151
3.228082
4.794524
4.453805
7.109748
8.201336
3.732951
4.269482
3.695846
6.469399
6.936299
5.230572
4.085314
0.953083
9.332459
1.640992
7.667582
6.264212
1.882875
7.385638
4.296656
5.977318
6.539127
1.740003
5.601084
5.795854
3.758361
7.469611
4.170601
3.470140
5.404446
5.631295
4.595658
3.887817
0.436137
6.221813
6.704723
4.787401
6.132205
3.027473
4.211472
4.646428
5.468699
4.090560
8.575842
6.932026
4.676136
5.037663
6.952899
2.150016
5.030680
2.852429
5.339556
1.047556
5.923620
2.972026
1.520706
4.471012
5.418846
4.417180
3.241258
3.463941
4.598221
6.321677
2.984975
5.462596
7.182482
6.887584
7.664084
2.938399
3.137301
4.168984
7.584860
6.150036
5.205787
4.390317
2.817645
2.296367
6.712558
3.281167
4.264576
2.391394
6.617624
4.123941
5.956922
5.402099
6.494749
10.091900
8.660578
4.093508
5.262434
4.769523
4.786232
3.525412
3.328311
6.383172
3.873729
7.187990
7.876763
4.475960
7.959777
6.951034
1.804546
7.378881
7.783101
1.778241
4.108973
6.493194
5.981468
5.462146
0.380104
4.273924
5.014925
7.969420
4.270867
8.826411
2.491541
6.759976
1.875230
7.103947
4.301475
9.635801
6.148814
5.774033
5.391163
1.184321
4.984487
4.487734
6.852332
4.308391
7.930573
4.150368
3.130573
8.034369
7.462238
4.858220
9.335249
4.470003
4.670863
2.936047
3.643933
5.220054
3.869553
1.967527
3.178760
5.388785
6.013888
3.065032
4.617732
5.300977
5.675379
1.430062
2.751253
5.415089
6.091616
6.235249
7.914625
7.580907
6.372566
5.746344
6.408612
4.670035
5.621969
3.401098
7.104092
7.152264
4.519358
2.162326
5.926159
2.738589
7.821664
4.645653
2.617627
5.596956
5.412473
4.268750
5.205091
4.115465
5.307356
4.361349
2.391843
6.466962
1.544053
3.618348
6.954994
2.805297
5.067068
0.683537
5.926640
4.846218
3.662283
5.492039
4.868602
7.149127
5.628304
9.848161
4.597472
3.440390
6.221107
1.952392
3.177762
5.933118
6.614396
11.337492
1.864373
5.575362
5.925633
8.086431
9.678348
4.027611
4.761350
3.866003
6.858901
5.792216
8.729826
2.747643
2.222360
4.223774
6.709537
3.085612
6.922455
3.735256
3.524434
4.711419
8.244922
7.907501
4.125669
6.765275
5.584872
5.504199
4.429012
5.981145
7.094119
1.055256
5.395312
4.194493
6.493060
3.461800
5.459375
6.702033
1.663792
1.412913
5.001513
3.165758
6.791329
7.524694
5.476583
2.165297
6.689965
5.332249
6.983451
3.859024
4.188539
9.472868
7.729099
3.810112
8.657854
10.102639
5.275755
10.148313
5.709843
4.946665
7.845999
5.269267
7.361316
8.579556
8.357762
6.134955
2.617829
6.422874
3.544423
4.050560
7.197948
5.408880
3.632274
4.621003
5.167393
4.879597
9.260383
3.503102
3.493519
4.083499
8.072102
5.052940
6.811262
2.717196
5.682962
4.112182
7.255992
0.000000
2.215394
3.140721
7.370137
4.998419
7.428247
5.164928
4.923958
2.909176
8.221518
6.649318
4.387011
4.637416
2.799289
8.235087
5.177250
5.417788
8.884114
3.420096
4.119803
6.148993
3.318932
5.290035
4.844762
3.926862
7.271341
5.599953
2.575275
7.782218
5.540472
3.910517
5.883790
5.482765
5.732916
5.112123
6.444581
3.180124
2.970777
5.744134
4.791798
5.232060
5.806804
4.719771
2.141671
5.575778
2.717353
6.922688
6.878137
5.035931
4.075645
8.856403
3.626180
7.364355
4.801403
8.923313
3.227242
0.542852
5.421747
6.772210
6.726783
3.252239
5.544581
5.475418
5.327985
4.041497
4.704383
3.298908
6.669712
4.654068
4.845345
7.734198
2.262452
5.718635
5.552845
7.409801
6.417562
5.568885
2.617753
4.044013
5.240684
5.702139
5.386520
0.920281
5.205152
2.055802
4.604049
4.817386
3.716760
3.231234
2.980016
5.275564
5.463053
5.472275
6.023214
3.409338
3.799361
6.108551
3.093751
3.233077
2.989786
2.286635
3.718276
2.527523
2.895332
4.820229
6.329858
2.851572
6.760738
4.748207
3.790863
3.908652
8.812024
6.645223
3.647353
4.856271
5.386360
6.530676
3.396561
8.120056
4.645459
3.601103
4.060735
3.416026
3.401175
6.407187
4.735457
4.622712
5.547824
6.405508
2.449187
5.952971
3.414043
3.248043
6.197850
3.699041
6.277862
6.460246
4.794516
4.964566
3.655708
6.134263
1.534960
2.244574
7.124806
5.662119
3.634374
3.353323
6.392912
6.258936
3.262465
8.101314
5.407198
7.010246
1.672468
8.627033
4.475705
7.802378
9.095880
3.095612
3.235850
8.036849
5.350255
8.946975
6.207060
9.547722
4.660707
3.376874
3.885147
4.375746
6.240171
5.414641
8.111413
4.833285
2.178087
3.629960
4.770803
3.019108
4.810802
3.071605
3.305499
3.088766
6.370066
1.737328
3.692979
3.361665
3.045994
6.213052
2.932471
6.368283
3.667767
4.365013
3.938857
6.177738
4.338805
5.786836
5.202857
5.859080
6.725843
4.792473
5.505879
1.864841
7.106613
8.266366
3.650955
6.083354
8.532468
6.283451
0.861326
5.622215
4.404761
2.623156
4.502370
2.672575
7.053508
6.211452
2.084631
6.347080
5.932278
4.738904
4.653925
8.818992
6.277892
4.318019
7.659758
2.144453
2.026021
6.095420
7.862819
1.991410
2.482704
1.964434
6.153534
2.284400
6.257075
6.369249
5.860538
3.311223
6.626272
4.466923
4.767038
2.482528
6.461898
5.641771
6.353329
0.252750
6.958331
3.279614
4.208980
4.871233
5.721390
3.720041
3.358973
5.887490
4.968500
6.582408
7.521712
2.645315
3.049263
5.653230
7.256502
4.955088
0.787752
7.220502
7.792361
3.840836
7.869325
4.880843
6.524145
5.807947
4.507440
7.680904
2.563594
6.781192
2.362344
5.528912
4.385271
5.418773
6.177331
6.848482
6.834350
7.825069
5.513379
7.481468
6.208484
1.497065
5.666606
4.253061
5.364760
10.661651
8.684600
5.507950
4.007515
6.167132
6.590577
2.693129
3.329443
2.302831
6.565473
9.553964
5.491322
4.896422
4.761509
1.077901
5.799894
7.126819
3.713843
4.943547
5.408873
1.590839
4.848718
3.075294
9.706056
8.851116
5.766504
3.436528
6.177175
2.613050
4.801133
2.716623
4.476621
5.025417
6.683520
1.593005
6.921400
3.875503
3.255857
2.202551
1.420980
4.234924
7.053575
2.295159
8.527164
7.097521
2.005276
4.738304
6.156197
4.014111
4.725006
7.275186
5.659213
6.123556
6.809319
10.767558
5.325840
7.410541
1.957048
4.582252
5.191529
3.654409
6.304338
4.016450
0.000000
9.091418
6.212323
4.430210
8.314519
3.725659
8.422790
2.848365
3.512750
4.860282
6.408483
6.122351
4.348059
5.221248
5.835422
5.158356
5.495874
7.128224
3.218433
4.832279
5.572924
7.326149
3.716643
0.000000
4.928710
4.749211
3.948375
2.516153
4.494783
5.157370
4.500843
4.289719
3.957747
9.864726
3.788881
9.956898
4.773765
9.836750
5.858416
3.685754
7.477927
1.478437
7.131565
6.636978
8.366459
7.955109
6.136233
5.555015
6.671630
6.112670
6.290253
3.345496
3.909796
3.562083
2.564008
4.673391
3.000886
4.822496
5.899787
5.150326
7.467261
7.375735
3.554199
6.066573
2.583961
4.557694
4.548143
7.590181
6.086823
6.298771
6.849162
1.895090
4.251317
5.320256
5.968101
6.073871
7.939376
5.450022
7.621823
7.012736
4.577791
7.200558
1.224602
4.549290
3.625555
3.970517
5.213195
1.694041
5.374409
6.579741
5.620528
6.223909
6.457635
4.127202
4.835473
6.778034
2.578427
5.407752
8.558133
3.194057
2.956699
2.649553
2.391533
5.977377
6.578502
4.561340
4.971050
5.489360
4.776958
3.345598
0.000000
4.414835
5.478597
4.912554
3.551521
3.277642
4.523873
4.828119
6.421279
4.091305
2.072303
3.377834
4.439458
4.156960
6.989917
8.290526
4.689084
2.259802
7.487692
7.132363
0.389722
5.820827
5.596766
6.430714
4.731998
2.914936
6.125265
3.889846
9.008877
2.841309
4.561820
7.690725
3.859594
6.689095
5.676351
6.629489
4.668725
1.763321
5.018462
6.766204
4.999971
6.368448
8.304224
6.974185
6.848311
5.296981
2.147759
5.878121
2.256863
4.964473
6.223115
7.560748
5.968041
4.736125
3.015161
4.696202
5.423780
5.028327
6.513552
4.751708
3.214485
5.541121
2.900397
6.608240
3.939936
8.397421
5.322375
2.717301
0.000000
4.891823
8.963000
3.753949
3.649512
6.286084
0.746086
8.351337
4.969505
7.371024
5.270828
5.527938
3.940042
4.299291
5.317768
4.537429
5.383563
2.031447
5.485049
7.339353
4.839133
5.849836
7.365486
9.537680
6.817312
6.618031
1.702442
4.661784
1.353068
4.961607
6.081051
6.366078
6.375065
4.354694
3.229346
6.633571
7.638932
7.789288
2.433878
6.047086
6.244144
8.199755
0.000000
8.008382
3.318502
5.963966
5.929805
1.639244
4.121249
7.888005
4.320478
5.871223
6.449622
4.142577
4.300506
3.428613
3.207858
5.788572
6.222086
7.835570
5.596573
4.600025
4.639687
3.132932
3.654407
9.946111
3.216267
5.029396
4.582743
0.000000
1.799055
6.800588
8.328237
5.601560
7.296007
4.060633
3.791215
6.991430
6.549562
3.493622
4.606549
5.987178
3.087833
6.833143
6.443446
4.585163
7.012838
4.528207
4.915183
7.970751
4.336565
2.785831
5.512829
2.767114
4.927885
2.276666
8.333437
7.582930
1.039434
3.660485
8.090283
2.557848
6.257799
6.122581
4.517060
5.523980
4.920107
8.431484
6.631092
8.077615
8.337228
6.884196
3.374450
4.205276
1.922417
9.269677
7.677741
2.607630
7.454848
3.560528
2.610456
5.544532
1.897830
4.765477
8.012998
3.597660
8.682024
8.212366
5.334244
6.828347
3.856872
7.990627
5.367480
3.888813
4.126393
4.864031
4.074207
10.193785
7.187515
5.990373
5.939610
6.376240
5.507144
4.466565
8.649951
4.295514
5.059574
5.358605
3.745971
8.288516
5.236988
4.642784
4.571934
3.740302
9.258408
6.691292
1.795711
1.966954
5.880244
5.996362
7.318705
4.917671
7.066700
6.478712
5.542601
5.580416
4.776756
6.458663
7.773038
7.175012
3.567121
5.898330
4.823944
6.714827
8.812223
8.139948
6.707154
3.061333
2.744602
2.739595
8.312610
1.497453
6.249833
3.491586
5.326939
3.618728
4.498540
3.449908
6.225195
3.637327
4.476361
5.321939
0.336548
5.958387
3.727181
4.230559
9.106600
3.363503
3.537600
8.271608
5.155301
5.902343
4.028367
6.517158
2.304175
6.878611
6.539745
6.464933
7.008879
3.540597
7.144892
1.199166
4.275412
6.185506
7.125594
3.196525
2.656979
6.034545
5.593535
4.696176
6.303988
6.202531
4.679214
7.548134
5.431733
7.931761
7.207918
5.288407
3.105218
7.203730
10.092526
3.769379
5.325993
6.734687
4.457674
4.172239
5.632014
5.570758
4.526043
3.989123
2.821746
7.337097
5.639276
9.010561
4.675008
5.947917
4.616012
6.894326
1.689371
1.155752
5.175345
6.357060
5.775449
7.284106
5.969337
6.799417
5.999660
2.644491
6.572339
8.229077
5.108764
6.489048
5.046953
5.092813
5.690471
0.878506
1.189348
3.613287
4.040116
4.061921
3.218400
3.021743
4.875850
3.545097
6.917044
4.047023
4.703021
7.661896
8.065169
4.966560
8.447387
0.916722
4.968733
5.371957
0.366720
7.981732
3.212848
5.351286
5.263795
5.396640
6.023396
3.423474
8.597332
4.190083
5.993738
6.032018
3.732941
0.492208
3.677808
3.244118
2.413889
5.439655
5.611860
4.826477
6.221113
7.664463
5.762741
5.344016
4.427295
5.877271
9.750624
2.783756
3.803850
5.724970
5.944892
4.860141
4.451475
2.169272
5.238816
8.935016
1.307600
1.553154
3.348271
5.873768
4.028607
2.388418
3.504751
7.240705
4.104910
7.753332
7.078601
2.928151
6.784468
6.063134
9.930285
2.734912
0.973128
6.115295
4.996551
5.841619
7.358386
2.823637
6.386488
7.473791
5.286501
3.185509
5.805175
3.803136
6.160735
3.346790
6.268889
6.332680
5.895634
6.179164
3.546475
8.367448
2.338414
5.561416
5.823424
1.969392
5.236466
4.999544
5.232195
3.873804
5.953637
4.931335
3.976092
1.976886
2.336264
8.496774
5.692709
1.263133
10.583794
4.243550
5.184137
5.133849
6.317556
6.003476
5.175008
2.042185
7.247315
5.179009
5.273203
6.183985
3.098653
3.019659
7.306183
6.257031
2.977692
3.472720
1.885395
0.950429
6.795236
9.124569
4.652470
5.219056
3.635134
7.815299
5.045102
7.325072
3.115861
8.449133
6.524082
4.951144
5.153922
6.341029
1.655178
3.109017
5.521793
8.119627
3.342621
1.055108
6.660207
4.801287
8.998200
7.677084
3.252805
7.725765
5.165311
4.333643
10.789805
8.561991
3.882532
6.436309
5.394488
9.609948
5.330902
5.852579
4.256843
6.114521
7.705712
8.056733
4.210447
1.645099
4.257988
5.352022
3.149299
3.953334
5.450604
8.107658
4.222687
4.452574
3.360019
6.268442
5.135514
4.749465
4.895521
7.537733
4.188402
1.254748
4.874363
7.525952
9.918252
2.782739
4.782017
4.635290
6.700865
5.081397
2.220512
5.707165
2.080125
4.691647
7.774949
4.607217
5.873808
4.715995
5.616551
6.473385
2.383379
5.323314
6.852631
9.280599
5.194578
8.828371
3.229875
3.211470
4.360306
5.927847
5.579914
8.501884
6.553514
5.052267
7.189093
8.492564
4.580006
4.091222
1.879279
0.314443
6.079071
5.117605
4.586455
3.654087
1.358363
5.542855
5.639217
3.750672
3.623420
3.973507
5.550903
8.723613
5.157691
7.209513
9.392720
4.434357
8.643465
2.111601
4.863724
6.543695
5.769062
7.677176
7.699933
3.450076
4.468925
2.333289
5.711840
7.055916
3.998265
2.055863
5.175128
6.511204
4.126921
5.029664
5.298106
3.446729
4.508656
4.985487
3.455636
2.033393
8.272941
3.891955
1.395938
7.725772
4.140574
8.570036
4.438268
5.206419
5.931317
5.074844
3.377550
6.729096
2.990825
6.192512
4.951574
3.443270
6.449163
2.431628
0.523512
1.886595
0.040887
5.642680
7.212638
6.888615
3.695007
6.497147
6.390391
4.654667
6.005682
7.973691
8.772071
0.938518
2.777241
4.360761
7.079907
5.232336
4.833325
10.354022
7.369691
4.825156
1.486914
4.941712
9.687007
7.234831
5.209338
5.156928
4.538250
3.657115
3.982084
4.317703
2.288752
3.655937
5.152111
8.571222
1.537798
2.203447
5.843602
5.251257
5.686645
4.279848
8.413959
5.085968
3.354895
5.298390
5.131414
1.891494
4.991008
6.044205
4.595605
4.895593
1.409240
4.466129
4.756181
4.571023
4.989555
3.076058
6.260903
2.541366
2.887059
6.564075
5.971246
2.669408
6.816281
4.048431
0.967416
5.541971
5.085615
2.858668
2.120701
0.925525
3.217033
5.847391
5.691431
5.930608
4.388709
3.169675
3.503960
2.665984
5.189044
3.863521
3.171768
10.811708
7.321996
6.793791
2.080214
8.054314
6.996028
4.436274
7.310000
4.711935
5.151727
2.939964
0.258889
7.440761
4.090633
5.387841
0.000000
4.803714
7.123176
4.227426
4.433254
2.098005
5.562590
5.536572
5.308997
1.981439
4.747586
4.612781
1.016777
3.890716
2.798635
8.626633
4.866927
7.493463
3.075127
5.173731
7.287605
6.820539
3.412051
6.409893
4.211429
3.757084
5.542265
6.022270
1.380157
4.372951
3.456226
7.986262
6.301316
4.845004
4.669007
4.620294
6.664454
5.684578
5.514548
4.621544
8.957337
3.748835
3.822721
4.112733
10.978433
5.441750
4.854621
4.107446
5.076135
5.051832
5.816311
3.745556
6.528191
1.633810
2.075722
6.080775
4.431165
5.366891
5.486579
5.381480
6.264119
6.978050
6.058445
5.011260
2.199694
2.760559
6.030442
5.855554
7.096773
3.755237
0.439955
5.317466
4.924255
5.536460
3.776501
3.864299
5.438623
8.856922
5.527818
4.113479
4.025184
8.652006
2.602662
8.614997
2.999616
4.611858
4.992144
6.105575
5.534589
6.610199
7.665312
5.439887
3.353958
3.893568
3.852691
2.791443
0.000000
1.320269
2.803829
4.309937
6.565534
5.261711
5.217197
2.090816
6.143507
3.382551
1.352378
4.862758
5.457227
6.087074
4.658123
2.018896
8.799121
4.685187
5.966320
7.024714
3.939080
6.005212
4.462044
4.371402
4.860205
4.037766
1.685519
7.544497
2.957301
5.720018
4.612110
3.491130
3.922552
2.858628
2.831262
7.939071
5.182845
12.106617
5.328387
3.584967
5.342322
4.266441
5.371750
4.999991
1.275641
7.154143
3.361781
2.727678
6.388086
1.737998
4.377675
4.698404
7.412016
3.943935
2.895521
6.073644
3.653385
5.524743
4.273542
5.454207
1.883224
4.794531
2.317605
7.199717
4.717257
6.829108
6.882570
2.082396
4.042834
5.132618
6.603731
7.738501
7.401092
7.958149
5.908152
5.899300
6.714326
8.158878
7.988487
7.927239
2.262227
3.748598
7.138892
5.121558
7.189298
8.709732
1.348630
6.529678
4.975251
6.342165
8.254040
5.697237
6.906663
3.426552
4.906342
4.156196
2.575530
3.391113
8.040300
7.230819
6.515512
5.416790
7.434439
4.601248
5.817826
5.078285
7.254489
3.931667
4.106945
8.126513
3.453674
5.246578
8.229152
4.099420
1.876743
4.552559
7.670609
5.365991
3.382509
5.139833
6.251746
3.236635
4.648064
5.409126
5.258449
6.340072
5.359438
6.652813
4.700229
4.178095
7.736016
3.175922
6.160452
9.557291
9.756628
6.141533
1.372915
3.522257
6.617557
5.311833
4.339614
6.601203
4.587106
2.991104
2.380577
4.984863
8.349861
4.890805
5.077020
2.116510
8.033603
6.190899
3.153019
5.475038
6.738678
4.136582
4.188425
6.518737
4.109617
8.808002
5.075662
0.460585
3.243855
5.380541
2.213441
7.546831
6.423433
3.602077
3.886179
2.868947
7.970797
4.669090
5.340411
4.946572
4.431130
5.998976
6.691083
7.048182
5.627583
4.831294
1.244138
6.575982
1.598599
1.558984
3.361250
3.592810
3.084584
5.348052
7.170127
5.467324
6.057723
3.842311
5.580625
6.190025
5.040985
5.740726
4.742865
4.427961
4.661709
4.722485
4.533177
4.342857
6.076625
8.842973
5.815320
0.803071
1.042923
3.397104
7.073286
9.311394
0.639157
3.724253
6.690724
4.021629
3.173176
4.916070
4.070762
5.456450
1.764306
6.221316
2.736058
6.344522
4.179416
6.022660
7.443029
3.383350
1.940611
4.906287
4.396833
5.014682
5.851413
2.149899
4.361640
8.684321
7.740206
6.433577
4.739951
7.227470
6.381002
4.251688
9.379178
7.794760
4.633091
7.329097
3.662874
5.903823
1.075830
4.651612
4.073123
3.610524
5.479556
5.499922
4.624796
5.467656
3.846620
3.662916
8.370531
2.783361
3.992827
0.360802
7.033619
2.871120
7.607879
7.889260
5.863103
0.686248
2.640794
5.380590
3.628135
3.411783
3.003852
4.870591
4.732584
4.205131
4.531037
4.135282
5.326053
5.173183
4.627303
4.551201
3.832374
6.497625
4.648466
3.915293
5.400008
4.343767
9.433289
5.079065
3.994830
6.316280
7.989718
3.762263
4.869556
2.913261
2.267227
6.691908
3.087395
4.783592
7.360917
7.128756
8.417203
6.614506
3.152002
6.849382
5.316384
5.702224
6.935912
4.373960
5.072281
1.314072
7.063630
5.776145
1.334466
6.632323
2.881670
5.830810
3.837664
4.675648
5.619151
6.331002
4.606648
5.842701
4.895642
5.834477
5.540875
9.523676
6.577440
5.190167
1.415504
4.607981
4.105841
5.821523
8.851209
3.327627
4.943291
3.514285
5.347797
8.599658
5.016904
5.800788
6.395285
7.081400
3.270475
2.141665
7.060715
5.911224
3.732975
3.637307
3.387515
2.877294
3.599195
6.753673
7.774455
8.149647
4.045004
2.678164
1.368808
4.056224
5.752320
4.518686
4.969408
2.268392
4.011085
5.394752
1.903665
4.286887
4.318510
2.408203
5.996990
4.988607
4.064659
3.930792
6.350709
3.624590
5.871636
7.679666
3.278504
3.311052
4.718306
3.458669
5.250780
5.229313
6.570088
7.442938
7.797456
4.856634
7.433033
7.792624
4.193965
4.554708
4.783674
4.560551
4.764967
7.152494
7.566145
6.538025
3.340736
2.558306
5.613580
2.826504
4.298227
7.349338
4.142713
7.679549
6.411859
7.144870
1.708999
4.895763
0.000000
4.758656
6.222080
8.105595
7.802595
2.685780
6.319748
6.939592
5.489147
5.468645
7.951896
4.949902
4.810019
5.635104
4.985474
3.829778
1.403741
3.428079
5.076245
6.856979
3.998604
6.881124
5.358713
2.551806
1.833230
5.890423
6.731100
7.211104
8.626257
3.349414
6.550817
5.640022
5.837760
4.031719
8.321323
5.884926
4.235110
3.158996
6.343951
6.922629
4.731473
5.297784
2.871551
8.582826
5.835848
7.313045
5.663396
4.246755
0.512609
3.391062
3.918445
4.308734
1.885009
5.595936
1.653514
4.567296
6.488602
1.883477
6.465237
5.481081
5.793138
5.061817
5.769908
0.097764
8.450219
2.292846
5.839004
5.812028
1.510210
4.475024
2.455581
4.667075
5.303224
6.293642
5.728615
1.560074
5.159300
4.952357
2.993111
4.865708
3.955268
6.889747
4.536646
6.310177
5.414972
4.132525
4.789391
4.149484
6.439078
3.743272
5.233622
4.098468
8.344978
7.031986
5.974915
5.763426
5.462414
5.391527
3.983949
6.046806
2.030329
5.941511
7.688148
3.809178
1.674020
6.152703
5.644784
6.554611
8.144665
2.255226
7.545539
6.077134
4.602799
4.910008
5.801088
4.808023
6.534041
5.616634
3.272524
5.380828
5.453413
4.244286
4.935811
2.012029
5.338591
9.225280
4.067650
7.059691
5.586211
4.781075
2.438502
6.424589
6.583055
2.852888
6.533928
2.819721
5.841354
7.254559
4.695391
4.973735
6.189005
8.398251
4.241405
3.672524
3.524511
6.656047
6.467330
5.371613
5.054247
8.886512
0.262819
5.311272
1.423744
5.759282
4.818871
4.844226
4.073063
6.984528
4.509909
4.323109
6.799959
5.462220
7.865927
5.303573
7.323890
5.055359
3.706005
5.148464
6.865989
6.635729
2.008276
1.526922
5.600477
2.217601
3.344068
5.818506
4.904132
1.363437
4.874507
5.162458
7.403092
5.055311
7.776554
6.400446
6.311481
5.653120
2.982491
4.295774
9.235898
5.245765
5.349900
4.422869
1.832888
2.176159
5.552721
3.155065
7.096519
6.792403
6.713258
3.270793
7.529011
5.966719
3.333651
6.965966
4.554753
4.213042
6.670430
7.320578
7.124206
7.427471
0.284976
3.532907
5.023113
4.741670
0.972959
3.682608
0.830118
5.771693
3.923420
7.721511
5.109235
5.019765
4.228695
5.426383
2.149997
4.558627
6.738470
7.213653
4.384900
3.163292
2.658224
2.804153
6.931085
4.184034
7.528720
6.386328
4.218602
7.767436
3.389393
7.953635
4.090129
7.737718
4.403679
4.495535
5.048443
5.790165
3.512098
5.255888
3.580483
3.358289
3.273758
5.287584
5.974552
4.721602
0.735023
5.228912
7.268070
5.934814
6.300918
8.072370
6.906100
5.437102
5.310895
2.845533
7.320730
6.382597
5.834585
7.384465
4.218854
5.062622
3.541181
2.983506
8.585290
4.702684
5.973405
7.828226
6.216665
5.147373
2.079926
7.559975
5.669490
4.054973
5.128236
1.153590
3.659099
3.772776
4.883575
1.337773
1.448816
3.042671
7.019287
5.956535
8.965805
6.012273
5.980402
3.719478
4.697924
3.105871
0.105310
5.485018
6.720389
1.223922
7.243288
7.898168
10.205526
3.241575
4.842020
3.101428
4.784903
7.433727
7.201995
5.817867
7.638660
8.870863
7.123615
8.339152
7.291300
6.141943
4.385735
3.436607
6.862553
3.472240
3.768466
7.328682
3.927205
5.223838
3.821058
4.332094
5.124738
8.981928
4.890538
1.944121
2.860562
5.238741
3.722696
4.884698
8.902385
2.142906
4.858866
4.061289
3.945211
4.608372
7.136448
8.928721
4.881666
6.237680
5.557327
4.552310
6.748751
5.622099
7.881252
2.959771
2.115296
4.782002
4.908658
2.246233
6.888516
5.566999
3.002650
2.950566
5.568665
6.495964
4.563994
4.067617
5.338312
2.168171
5.742634
8.354756
5.274709
2.511105
4.488851
2.243500
4.106462
1.925615
2.052056
9.829463
6.112059
5.722516
6.409059
0.956849
1.522427
4.186109
5.895493
4.891542
8.982243
5.086267
7.594305
6.948773
1.578032
4.145702
5.420056
5.251241
4.614501
1.415138
7.362633
4.385021
7.398736
3.812060
4.437731
7.248100
6.191191
6.153176
5.308634
3.486780
1.454448
2.258605
3.860539
3.677744
2.149976
6.412903
5.830184
9.864650
3.432298
5.886844
2.695197
3.660060
7.137819
6.410153
3.084814
1.791873
2.983886
6.902287
5.190569
5.621715
6.278147
3.094280
4.619211
5.999189
7.977171
6.093226
2.416745
1.992561
5.121114
4.438382
2.480076
6.492922
5.818268
3.157020
1.642699
2.657987
2.416490
5.090070
2.627142
3.242356
4.311105
4.476491
3.140709
2.774625
6.832189
5.574339
2.874344
5.267688
1.914821
2.830625
4.262141
4.818208
2.596911
4.387272
6.546857
3.101202
6.595154
5.530162
0.711643
0.669343
1.956918
3.183806
4.179909
3.694020
7.605781
6.268311
2.691365
5.285202
3.375855
3.643796
4.137560
5.530379
6.535775
6.213130
4.667204
4.839914
5.805379
2.775597
3.313558
5.817713
9.302285
7.881685
4.124187
3.883268
7.736945
4.434833
7.924789
2.288540
3.095879
4.751723
6.043472
2.409113
7.557675
4.841021
4.646363
5.565575
6.379131
7.299771
7.471328
7.578445
2.859867
3.384503
5.001762
2.203227
7.665928
7.575494
1.384769
5.117189
8.531119
6.721710
4.299368
4.818112
0.685536
3.529774
8.454823
4.169577
7.278885
2.475373
7.414826
2.086221
8.106005
4.277328
3.701526
2.824326
3.574751
5.740597
4.402929
7.252511
4.781881
1.509341
3.929130
6.527532
2.389526
5.795769
6.708589
9.155829
4.057318
4.488515
2.210315
7.934505
8.601596
4.099799
2.679859
8.297487
5.754110
7.708473
4.581722
3.346525
6.311958
3.659324
4.016837
5.254036
3.961917
3.617219
6.509989
4.769713
5.293345
2.617112
8.733968
10.263152
5.464633
4.015975
4.381322
3.305924
4.573694
5.326608
6.011582
4.293588
6.370398
2.242511
2.532702
7.140726
5.169968
8.461302
3.526094
5.452206
3.625368
5.351914
1.491160
0.528041
6.592378
8.273720
9.010643
7.827287
6.561006
4.943864
4.200350
9.498267
4.193534
6.081335
7.256331
7.859369
5.502141
4.153795
3.734852
2.676078
4.776124
7.680035
4.132918
7.709863
7.286222
3.416625
6.253093
4.652860
5.934155
1.247318
7.325430
3.978014
0.924269
5.150953
3.997234
4.899920
7.451362
3.451790
8.292216
2.717054
3.315706
4.885692
3.199891
5.490863
3.474530
7.840132
6.555142
6.241072
4.264455
4.004619
3.180806
6.338473
5.166201
7.579365
4.098936
2.959426
4.946998
5.334191
4.022756
4.521873
5.606384
7.113157
6.425771
4.570753
1.872716
3.990814
5.041343
4.234885
5.773964
5.181679
8.270878
3.175718
6.407468
5.148205
6.565017
4.807245
6.612556
1.805918
4.594794
3.395271
0.885349
4.240761
4.897891
2.611903
3.115181
3.709808
4.110362
5.198708
2.687282
7.389167
2.038268
1.471830
3.001221
6.432989
4.438982
2.761624
8.248624
6.009921
5.599351
6.581309
12.096062
4.277962
5.652321
4.532196
4.607066
5.399741
3.976880
5.232479
8.152472
1.433356
6.528740
3.574399
2.655973
3.635750
3.828854
6.027394
2.595307
0.000000
7.318170
5.266101
2.222597
3.431780
3.872413
8.717945
5.611702
3.471520
5.425984
7.842166
1.079542
4.820049
4.508507
6.455709
4.898615
6.230314
4.149351
6.953966
4.785227
3.088530
3.564103
6.073946
6.412930
2.000414
3.505589
6.661976
8.797186
7.621556
3.854214
2.485707
5.271982
5.864392
4.604316
3.055155
4.241765
5.653832
8.598276
6.578517
6.619501
3.181250
6.827531
6.527710
2.617075
7.729316
4.712653
6.865009
3.989749
4.757970
1.894396
7.221767
2.291323
5.470146
4.680411
2.342933
5.423991
5.344706
4.519537
2.688700
7.248301
6.242488
6.225227
4.564555
6.942545
5.574212
3.447155
2.525413
6.688581
6.676758
4.362837
2.804719
5.271794
5.010685
4.480393
6.797695
5.738595
6.986451
5.994959
1.032826
7.813223
4.753906
4.696694
6.100613
6.353249
5.898574
5.756032
6.237138
5.326854
6.097679
5.571736
2.705432
6.654735
3.642370
2.189075
3.171985
3.802056
5.145126
6.311560
5.873152
2.458648
5.039502
6.183488
4.762676
5.523738
5.930813
5.084257
5.716443
6.542903
4.540022
2.688532
4.066298
2.828461
5.154072
4.793282
5.690723
2.820015
5.401020
9.640346
2.547550
7.784139
7.846731
7.032884
5.905081
6.489759
2.568013
3.405281
5.247468
4.180155
6.218772
5.999633
8.849920
8.612310
9.779723
7.586080
3.928203
3.332899
5.303159
4.246299
4.412340
8.469292
4.031606
3.821824
6.891996
0.000000
5.082374
3.700920
9.467077
6.149627
6.705953
4.287963
4.038506
1.992019
3.204692
6.979333
7.560128
4.363532
4.186078
6.463539
6.359427
6.128680
5.169608
4.968305
5.366730
9.453732
7.777871
7.166224
3.949272
3.742494
3.695756
5.377771
6.980080
6.690320
4.441172
3.976768
7.105833
6.324223
8.134455
3.820880
4.625137
5.383299
5.583007
4.457444
3.189152
5.556741
7.378199
5.007769
3.021947
5.827537
9.390990
3.746291
6.805186
5.400027
5.086046
3.018945
2.012892
4.958512
7.794866
6.478715
5.303309
5.104734
5.568771
6.108807
4.815162
3.245988
1.313908
2.463604
3.888106
5.799253
5.219356
8.418056
5.430704
3.188005
3.409484
3.823498
6.214913
5.546734
6.807120
3.115218
6.170144
5.213450
8.242071
5.163677
5.763846
4.081421
4.417107
2.874606
7.030400
3.667526
7.883554
5.879893
3.774305
5.978964
6.126905
2.458828
6.370871
7.014910
5.030493
0.000000
9.272543
4.917510
4.470938
7.105762
4.099667
3.041517
4.515107
7.569166
6.851567
3.329069
6.019099
7.291777
7.288469
5.183268
2.305494
5.187140
4.738154
3.331385
3.126666
4.329766
2.350508
6.043862
7.347107
2.062616
7.102838
3.882199
4.918881
4.328540
5.654235
4.937664
1.551622
4.507524
8.051192
5.621732
4.262221
3.853056
3.651188
4.475138
3.573370
5.686732
5.240548
5.078650
3.567736
8.401526
7.561536
8.659174
4.033296
7.078967
6.690876
4.315292
4.247253
6.584112
8.683890
3.450982
4.374897
10.857265
5.393551
4.670059
5.497105
1.648555
4.960453
9.265600
8.736389
5.794815
5.256951
3.652700
4.534954
5.072590
0.414264
4.719249
4.197590
4.343881
6.362282
5.367727
7.938851
4.869696
6.163013
6.983748
6.586276
7.960139
4.042440
4.675429
4.059808
4.889913
4.986923
3.088411
1.737973
9.157624
4.200738
5.379932
1.000434
5.871951
7.813547
6.172908
6.619399
5.554806
3.219545
4.167824
3.528165
6.436428
1.483203
5.670746
3.648715
3.770635
6.334717
3.428639
4.317613
7.317981
3.932143
7.654928
5.283973
7.159171
0.000000
4.414855
5.728407
2.443521
3.528889
6.719896
6.462304
5.557896
4.556931
2.402771
5.980054
5.396630
1.558102
1.324198
5.006205
7.440340
5.356339
2.780633
4.655197
5.756897
6.137453
7.716348
6.446894
4.424877
5.903779
6.364206
4.877596
3.411799
7.155672
7.114889
4.089987
3.323740
6.828236
7.306173
4.680942
7.472911
3.595806
7.295879
3.307832
5.805686
7.701839
3.873394
3.958138
5.406442
3.976991
0.847377
4.899309
3.120108
5.642461
5.415958
5.845601
3.697892
1.621415
4.957191
2.105639
3.146888
7.569636
4.103977
5.231246
5.575379
4.668981
6.011710
2.838957
8.786577
2.320020
2.054802
5.944179
5.404914
5.615007
7.261421
6.760505
3.647041
6.984925
7.568079
7.026857
5.431734
5.409423
7.012332
6.393945
4.424380
1.669644
3.530168
8.622398
1.236419
7.576160
3.626756
4.367439
6.205503
4.598521
4.905044
3.005809
4.881142
2.127772
8.243670
8.414279
5.691749
3.807830
1.922523
5.362555
8.941220
6.641145
6.754411
3.819967
2.743293
2.350563
5.371432
5.037723
3.841619
2.681978
4.428549
6.297060
4.715473
3.865101
7.821365
5.455690
6.503437
2.913653
4.218471
4.655940
5.316013
2.157382
4.281127
3.799465
0.113191
6.302353
3.401220
4.438453
6.113766
3.523130
6.204814
3.030464
4.285508
4.539632
8.079409
3.135250
8.441413
7.835155
7.761250
7.477172
4.570102
5.787155
4.733069
4.259006
3.088340
7.444739
6.574692
6.298525
3.222983
5.145417
7.798093
6.014287
4.165105
5.230102
3.677429
5.195488
3.645211
8.530673
6.905813
1.457445
3.885023
3.697109
4.737052
6.130729
3.941538
5.231983
4.801903
3.305216
6.086232
3.444903
3.955853
5.508958
3.340147
6.949539
8.355787
4.597478
3.714058
4.264971
6.242362
6.395669
4.926317
3.704087
4.242531
6.250683
3.857813
1.048911
4.547015
2.775274
1.436334
4.504652
3.809421
7.397670
5.826735
4.908648
2.974779
8.037423
9.682923
6.486210
3.699660
3.750272
4.392966
8.338258
3.717330
8.618093
2.818309
3.698703
6.267569
6.276985
6.896023
8.480639
7.074029
5.524113
5.746730
4.901976
7.043747
6.669683
5.505767
6.845171
1.146448
5.614966
2.896386
5.652029
3.037921
6.288742
5.353397
3.724644
5.734458
4.237132
2.767197
3.087933
6.037243
4.550890
1.102561
9.330385
5.202696
3.307029
4.624474
4.906043
6.846617
4.563398
5.241803
6.860095
6.323380
8.554513
5.769296
5.782458
4.867275
4.897333
3.259576
3.075293
4.765626
6.854688
2.482951
2.367933
4.403299
3.341249
0.000000
8.553442
2.066050
7.191092
5.160337
3.740524
5.854089
2.278268
6.731951
5.426097
3.976383
3.208926
3.893291
1.342653
5.542010
5.652986
6.695938
2.297890
5.059264
2.180164
4.427457
4.795841
7.957975
3.823089
4.046227
4.180258
5.009860
3.578189
6.225957
5.777941
4.551014
5.531763
5.802767
4.798590
6.977648
4.497747
3.867010
6.289109
6.785151
7.335420
6.351483
1.731654
8.648244
8.184049
5.382028
6.106676
2.361865
3.982720
5.725350
0.452785
8.251103
3.972247
7.489767
6.166940
5.037276
5.470023
4.654042
4.175415
6.614389
5.294848
4.361542
6.887821
5.008034
2.145289
4.039439
6.447431
2.009665
4.032622
2.432025
4.935576
4.183387
5.692889
6.453945
3.257895
5.934928
3.634738
5.507182
2.742098
7.184227
4.062033
5.063724
3.939788
3.254673
6.548525
1.886381
3.661333
3.852655
6.957161
5.677598
4.497863
4.703917
6.762503
7.037477
6.710474
6.496065
5.917726
4.594672
4.548494
7.110873
3.297021
6.519875
3.661672
3.433120
6.428683
2.520893
4.915936
1.409912
6.274826
4.477459
2.846485
6.903402
4.712984
6.149384
6.651378
4.279481
4.438647
9.060069
6.463839
5.858990
5.046037
3.382171
2.223288
4.595646
2.876020
5.534624
6.951222
2.911563
9.919242
3.215749
2.323782
4.331714
3.041200
3.957717
5.858760
4.495870
6.139756
6.023276
5.644422
5.917353
5.042200
5.926954
4.225174
3.802432
3.622560
0.306748
9.367440
6.097498
3.198209
8.302528
3.771534
7.222758
2.472042
4.990742
3.262226
3.757444
2.405605
8.373471
5.474909
1.567934
4.476219
5.285191
4.918598
8.110647
4.112234
5.424442
4.873647
5.795989
5.216623
5.005406
6.481342
8.161506
5.796321
8.196681
4.037885
6.142176
4.967587
5.270133
1.151841
6.401221
6.770538
5.395559
5.168854
3.584979
3.971415
3.214568
4.986621
5.909579
3.271546
4.208392
5.811171
5.147943
0.868577
7.059193
5.273706
4.637742
5.130112
4.401590
5.627529
5.667787
6.598773
2.927437
9.938636
4.490016
5.765487
5.541414
6.951046
4.879732
6.273016
1.068643
4.082165
4.439955
7.127391
6.784468
7.371955
4.560213
2.444065
2.941582
6.477792
4.949592
4.103938
6.473871
7.589642
3.557513
3.588707
8.137524
4.589677
4.920441
4.165502
6.145815
3.044432
3.257016
7.561716
1.431811
4.825085
6.244116
1.855097
6.643576
5.229549
4.101923
4.487553
3.712417
6.911926
4.808707
6.485062
3.586553
7.461573
1.242694
7.693168
4.667083
6.221937
4.854788
6.066431
4.196189
6.052255
6.712815
2.205317
5.234687
6.221394
4.014149
8.044696
8.416612
2.559192
2.902163
6.609920
3.157439
3.399920
8.393981
7.888581
9.946268
8.243928
6.595928
1.941477
6.233580
6.121937
7.695886
6.503820
7.521254
2.827302
3.910079
3.920553
4.959501
6.475958
4.922035
5.025991
4.094582
5.108657
4.242343
4.225875
1.254841
10.586516
6.492739
3.962940
8.017299
7.522149
5.694175
6.222664
7.839206
5.068817
6.695360
2.969221
4.168871
5.395169
1.775761
3.354158
8.840295
3.970100
7.018917
0.638354
3.480110
5.699245
3.205928
3.763998
1.922178
1.911925
8.285813
7.005686
4.334542
4.679075
4.143485
2.814436
6.815998
6.706617
6.891697
6.266556
5.442928
6.285165
5.402284
4.392467
2.199867
5.013626
5.604543
2.703216
7.428483
5.748109
6.811560
1.499551
4.015811
6.506419
3.788526
3.391290
3.294511
4.382876
1.791561
7.204839
1.241532
8.174640
2.611699
5.327593
4.963324
2.623379
1.994802
3.055804
5.245675
2.825384
5.753945
8.726301
2.172503
6.144950
3.826685
1.914078
8.230201
3.730132
2.067004
1.730234
2.586028
3.580307
5.388847
5.374152
10.147475
4.962878
6.761328
4.450828
2.031913
2.448496
6.642837
2.894005
3.133754
5.302104
3.770999
6.583859
5.403708
0.536488
6.443282
3.829613
5.407204
3.360285
7.889833
4.566219
5.117461
6.025989
9.388035
5.727735
6.447383
5.343444
4.594245
4.231223
4.225583
6.287976
6.465286
4.562997
4.019840
9.140917
6.903309
6.686664
5.198434
3.864833
1.814819
6.421573
0.248315
4.088435
5.188939
5.661814
2.449130
4.747400
4.968713
6.973120
8.271003
3.963379
5.209537
4.860101
4.812042
2.028910
2.893192
4.290363
5.371662
5.635056
3.935079
4.925394
4.513135
5.716251
5.250766
5.925404
3.701653
3.771048
2.950551
4.413644
2.510084
4.040044
3.073787
4.465445
6.224143
0.154719
8.352066
4.311606
5.052143
4.108019
4.688362
4.008713
2.931853
6.587038
3.556163
5.473750
2.319075
9.130672
10.076274
9.636432
5.150676
4.157838
5.755062
7.757413
9.120234
4.910210
4.243499
6.649385
6.211146
5.275912
3.287049
1.490191
9.174335
3.976989
2.759163
2.835388
4.410403
5.669477
7.631657
8.377947
4.627282
4.342513
5.605258
4.936833
8.384059
4.253003
6.749016
4.688491
6.350749
4.439510
3.974693
1.219334
5.910188
4.975819
5.748290
2.370150
3.426372
0.900627
6.662995
4.403989
4.780670
4.235720
3.485730
2.711951
7.345423
6.344929
3.284103
0.824056
4.949087
8.400029
4.212894
5.209753
3.949121
5.248015
8.418406
0.787406
5.294941
7.447716
2.818182
6.097254
7.223412
3.752421
7.420228
5.634706
7.582925
5.177692
3.345957
2.857299
4.630948
6.674525
7.089476
4.977795
6.695702
7.669649
5.490761
3.680100
4.100318
5.342600
4.673774
2.378595
8.027205
5.471708
7.491853
5.338528
3.609483
4.207519
4.042518
5.257231
3.184757
5.145953
4.944986
0.000000
3.408852
5.216066
5.546912
3.996495
5.780317
5.876534
4.690944
3.616778
5.924950
8.242701
7.258915
4.973758
3.776502
4.937429
2.806492
5.483553
5.280161
6.926543
6.705052
1.807981
6.585409
4.635343
3.293567
2.291306
7.058839
2.335875
4.991390
9.270098
2.342770
6.175543
4.448493
4.169401
4.785262
6.782523
6.846617
4.084850
3.556798
6.041198
4.109209
2.219109
2.642831
4.788179
0.000000
4.635106
7.888686
8.364324
1.880074
5.193081
6.266787
3.921441
5.436487
3.161553
5.222572
4.200121
4.105810
6.164690
6.123587
7.076400
4.344780
2.941195
6.620830
3.727058
2.222768
9.002737
4.092975
3.759627
2.791034
2.822711
8.194924
6.966663
2.622407
4.567226
8.770123
5.232572
6.244177
4.919165
9.441627
6.072441
2.326290
4.305821
6.362311
2.859940
7.340542
6.760051
6.885807
5.578394
5.893680
4.025532
7.402520
3.790873
5.264586
4.918354
0.980342
5.913299
5.938849
5.246908
3.708829
6.241553
4.105111
6.204275
4.221064
4.803023
1.357579
1.569457
2.965810
2.068780
5.395470
6.116499
7.249902
6.964105
5.752245
6.484431
4.554609
2.016600
2.897694
7.223869
4.168747
6.750896
1.880083
7.060691
5.813910
3.113485
4.677256
3.610670
3.176862
6.159281
7.384875
4.020723
6.638019
7.851787
1.372035
6.522304
4.007620
5.450111
2.886022
8.361269
7.797389
2.447710
6.737500
4.314002
5.264284
4.668153
5.251750
1.458558
5.299710
7.285522
4.140806
7.606699
5.699866
2.944048
3.431085
5.970821
6.880014
5.855040
7.389269
7.408696
5.226643
8.293585
6.583143
4.409249
1.910372
6.288702
1.491476
4.261857
5.371911
4.940610
4.708006
6.496193
2.961161
9.722359
0.838411
2.417665
5.875343
4.550565
5.916197
5.144378
10.281798
4.277539
5.530854
6.332087
7.170174
6.712536
2.937619
5.014993
3.698695
5.814566
2.907817
5.014743
4.758989
4.579950
3.650528
3.077738
5.267610
8.344748
3.562654
4.253056
7.279760
2.929502
5.693717
2.982479
6.210508
6.228967
1.608328
2.428842
2.168805
4.870931
3.189340
3.917978
0.851629
7.220160
8.898787
5.733409
4.552927
8.784469
5.757164
2.836512
1.580528
6.884813
4.765683
4.767512
4.513651
5.840951
5.905234
5.870062
5.808429
5.422836
4.629410
6.081267
4.532862
2.234537
6.475873
6.489821
2.082411
2.690995
2.362352
5.667667
9.464633
6.589867
2.868963
4.766195
5.833975
4.392675
4.615112
7.510472
3.572551
5.508620
5.188901
8.034194
6.782893
2.451170
6.617858
8.593083
6.205382
2.065598
6.409365
4.124164
5.112570
5.945028
6.499501
5.495075
7.148361
5.035727
5.832523
3.525268
7.603726
3.456292
5.714083
3.378931
5.468667
4.855855
7.428638
4.007081
5.469968
6.800538
3.538826
3.265516
2.888666
4.169713
3.240339
8.011608
7.451644
4.863423
6.851522
4.303362
3.049608
3.882734
6.157715
3.756327
4.700987
7.532374
7.483790
5.441610
7.224801
5.492920
5.692242
6.990827
7.370078
8.044064
4.549697
4.713050
4.702575
3.193105
5.979343
3.282579
3.811149
1.596077
7.083374
7.232518
2.674964
1.924468
6.484293
3.951657
6.672069
3.626954
4.345188
3.996028
4.560080
4.492402
5.136729
7.162444
3.830423
4.138654
6.541065
2.475256
2.024130
6.606468
4.729448
6.894374
8.915549
4.310451
2.588399
1.078998
6.247721
3.823526
6.146099
6.432325
3.391245
5.768915
4.958580
3.943532
5.323570
6.614697
6.524516
6.782886
4.127397
6.147993
6.249337
1.982215
8.013640
6.333509
2.608362
7.988388
4.421066
3.922092
7.519148
3.763698
6.537352
6.505963
4.018222
9.286203
3.812593
7.391868
6.944931
6.231615
5.234420
5.101453
3.002357
7.261425
10.262304
6.490051
4.063881
6.097528
5.094092
3.959827
3.531982
3.820202
10.753862
7.469943
8.879268
5.298979
5.587700
7.901530
7.513471
5.250545
7.899644
2.687957
4.133580
3.766197
8.064209
1.532020
4.625267
4.268987
3.326004
5.901882
1.794276
2.121321
5.092558
6.880710
5.527234
4.924724
2.149165
2.848199
6.802070
5.726736
6.423726
8.941178
4.089033
4.846095
6.081742
2.392536
2.753816
6.620312
2.601362
5.506997
6.045066
5.325760
5.079604
3.620724
7.631948
3.614002
5.734157
6.468932
2.304370
7.224845
2.377961
7.577595
8.438131
10.044762
4.371862
6.229775
1.424908
5.157480
6.954213
4.212180
5.185639
5.402578
6.102304
6.218885
4.083530
6.474941
5.808443
2.961944
2.542929
7.427054
7.010455
4.497026
8.573247
7.443410
5.838941
1.114067
4.198191
6.456697
8.590527
4.661662
2.021009
6.213955
7.818829
7.551692
4.651456
2.788752
4.496433
4.443154
5.043710
9.336581
5.324467
4.460417
7.020401
3.236609
6.000112
3.228209
3.632356
4.133888
8.967641
4.398259
8.526666
3.465732
6.511110
6.459876
6.209931
6.544392
4.132526
5.776388
8.841182
4.774289
4.360266
7.129284
6.231732
1.425971
4.395284
2.996746
5.640109
6.348293
6.635674
5.468448
7.822608
7.772312
6.028452
4.757635
7.573115
6.000286
5.974495
7.356834
5.937703
4.770655
5.307013
5.983889
8.160605
6.443703
5.988781
3.481268
4.196275
2.547929
5.622852
7.145868
5.852378
3.375131
7.861956
2.771995
2.362999
2.332119
5.652393
6.941683
5.239927
5.888801
1.310283
5.743208
4.019132
5.081795
3.422108
4.230218
9.636473
4.569823
7.170052
3.820486
3.389046
7.327666
5.428735
4.493794
6.652592
2.982367
6.001154
6.354042
8.689414
4.130762
3.990517
7.085310
0.000000
5.824839
3.878003
6.618706
3.734552
5.018288
4.231590
4.923940
5.001797
10.523026
6.301888
4.046940
6.503458
4.929728
5.732510
4.251652
6.838824
7.904729
8.085047
0.582091
4.640911
2.696939
7.515937
6.982440
5.594737
7.757216
6.032446
7.536734
3.703888
4.347176
6.483306
6.515684
4.570846
6.455097
2.020690
5.012843
4.373017
6.371940
0.000000
9.572557
3.631236
5.144981
0.902960
5.270639
8.965018
10.228051
5.399898
7.319654
4.745307
6.733251
4.722337
4.711389
4.164585
5.722555
4.801614
5.629953
2.706488
3.212812
6.863263
6.338233
6.170068
9.323366
4.660626
8.888531
1.574434
10.925854
3.417192
4.044979
0.006042
3.675953
6.461720
5.931935
4.728909
8.140165
3.880167
4.789880
6.116331
8.133707
6.126853
7.396835
5.276528
6.447576
3.124131
3.163484
3.320473
1.400838
5.727196
2.976833
5.337740
6.062898
4.942760
3.387307
6.873640
2.794324
7.156841
4.682563
5.584608
4.320702
2.680560
4.932823
4.603551
7.514329
5.394352
3.593542
6.197573
3.755903
2.196288
4.170044
3.142374
5.330496
2.111860
4.075724
5.495668
5.484355
6.350701
10.484153
4.746540
4.444863
4.121961
6.247528
3.399566
5.093142
4.436700
3.220617
5.623852
4.625045
4.475260
2.969907
7.123918
3.683449
6.639714
6.062351
4.131438
8.861160
5.256950
2.892904
4.217780
5.637841
4.082277
3.442307
4.989384
3.253187
3.715718
3.368802
0.000000
5.611987
6.114789
7.916309
4.910203
6.315145
7.038187
7.934535
5.520933
4.352415
3.935547
9.618719
5.509168
5.511982
6.512322
6.295618
2.527504
5.512971
5.575838
4.509994
6.659745
5.410021
3.946563
4.308731
5.345953
8.232528
4.142808
6.570330
4.335718
2.859781
2.711971
3.443790
3.752439
4.828649
1.744588
1.927495
4.947992
6.674871
4.663156
4.249410
2.019400
0.956835
3.012009
3.618073
7.270754
4.596623
5.580268
4.846886
4.215670
3.291089
2.722206
5.255941
7.448797
6.038874
5.307946
6.973566
7.874916
5.143113
4.937445
5.526679
3.022976
6.288615
3.736166
4.670880
5.344484
4.156100
4.709172
4.552245
6.215699
5.879949
6.173279
4.776621
10.122223
3.356211
3.013987
3.956890
2.152168
5.037421
5.156622
4.497473
5.865495
5.612848
5.488020
2.064803
8.765105
4.911886
2.891863
5.807136
8.241195
0.280130
2.365807
4.216569
3.354941
4.749221
7.150272
0.837913
7.736331
7.255311
3.168120
4.453217
6.912252
4.432725
3.563616
6.196649
4.047246
5.930892
2.043951
5.404410
3.986696
6.739568
3.145968
6.850469
4.574017
6.717502
5.481113
6.363154
1.065531
7.005189
4.035228
2.481102
2.999015
2.626212
7.705023
5.606513
3.155788
6.408038
4.102008
4.256596
7.462430
6.194537
5.203633
7.729237
2.502075
4.457030
3.314557
4.178317
3.801132
3.050107
3.895645
4.893527
2.833299
2.010667
5.488009
7.430336
6.593716
4.807259
8.328657
4.469213
4.286001
1.637297
4.445709
5.137866
3.433276
2.813573
8.304394
5.558800
8.500163
8.731291
7.151010
5.921503
5.269787
7.136285
6.561604
7.999892
4.985975
5.407577
1.934596
7.056430
4.401342
2.700135
4.432193
4.276545
6.798906
2.283433
4.426658
8.314297
7.629681
5.000464
3.542100
0.847436
4.247084
5.721738
6.233035
2.620232
6.962447
5.728221
5.389407
4.600795
7.126998
5.936726
4.354706
5.809897
4.916069
6.759244
6.895452
6.690464
8.541741
0.000000
5.911741
2.700770
4.608273
4.697367
2.973445
5.145394
3.842269
3.427308
4.218118
5.598165
4.182867
5.043136
6.413209
4.571747
3.072333
7.097855
3.519037
2.291438
4.204799
3.418272
5.909274
8.050525
2.227741
6.238980
3.644230
6.717878
1.702259
3.926205
3.643498
8.295384
5.062285
7.298263
6.008420
6.987647
10.981980
5.059805
5.015404
5.002187
3.427252
6.943353
3.173864
4.368717
8.341065
2.358731
6.497051
5.743914
2.892713
5.098099
7.560100
3.021873
2.803607
5.318499
6.754532
2.551846
8.388662
3.886460
3.986430
2.832499
8.001061
3.629516
4.886561
3.704364
1.871993
6.604268
7.598208
2.361961
5.654176
5.189278
2.753216
6.848385
1.290967
4.402693
2.560249
4.529635
4.227153
5.341551
6.103436
4.373320
7.828937
3.772950
7.124531
5.640922
3.150722
5.012271
5.990604
3.509943
4.803883
6.756427
3.924522
3.630013
2.394187
5.688864
4.044323
6.189931
5.822042
1.264380
1.951871
3.772801
4.689959
5.599432
4.709529
4.739872
4.448528
4.250386
5.767888
5.279567
4.099787
2.991481
4.962668
3.546103
6.678032
4.216756
8.192015
4.674476
3.088661
4.260627
4.769586
5.928820
2.148233
4.965638
5.668567
5.144905
3.707027
2.383113
2.780809
2.114025
4.437282
0.804599
6.792482
8.689606
6.255517
9.768972
0.000000
6.650405
2.293979
3.846109
5.960847
1.825254
2.923138
6.336000
6.472053
4.196372
5.407416
5.173416
4.804403
7.070809
2.050920
2.955572
3.918132
3.556526
4.633513
7.547977
2.665506
6.178983
6.408005
8.793151
3.158275
6.673251
3.742180
2.522949
6.130539
7.054586
3.633612
4.984379
2.572585
2.451291
7.770804
4.519496
3.108314
4.183229
2.714267
4.327379
5.492780
3.709757
6.124718
4.363663
1.374147
1.804205
4.895345
1.659240
5.432136
7.556704
3.732706
2.315952
4.670910
8.110708
2.546468
5.552879
4.998769
5.830127
4.033481
5.238341
2.514708
6.434535
3.824959
3.041406
6.371362
10.708565
4.751013
4.438143
3.085079
5.981737
2.666254
8.726637
9.363798
6.958348
4.059565
3.255930
4.994575
2.728746
5.876918
9.808984
7.593398
4.550318
1.452347
4.192863
8.177734
7.975574
6.644220
4.747646
6.876468
7.722596
8.690432
5.846463
7.882068
4.985996
2.988157
4.212117
4.236749
6.412183
6.512365
3.841327
7.036453
5.502690
4.073439
4.553751
4.448518
4.747825
3.591389
8.048844
4.693095
4.900053
7.353795
8.679045
6.158626
6.073595
4.146490
8.180836
5.412757
2.941025
5.593025
4.665449
5.065596
5.354419
6.199678
7.415556
5.338628
1.029241
7.765037
6.711059
6.675787
3.639209
3.472980
1.241167
1.361461
0.010125
5.938122
3.470927
2.873418
4.927749
6.403724
3.575317
7.350151
2.193543
2.942210
7.216596
7.167976
6.393679
5.599010
4.538414
9.793163
4.585793
4.053604
7.039980
8.021135
1.141960
5.923183
5.058704
6.710384
9.002432
3.156521
8.605015
6.481536
2.326728
5.889638
4.587123
4.881464
5.586286
8.826970
4.846491
4.757798
6.307007
8.742706
3.264658
4.888056
5.076342
4.362980
4.351414
5.485633
5.007427
0.659649
6.664573
5.439779
3.126997
2.593892
7.321290
3.017425
4.768729
6.513390
5.386498
5.736809
5.524939
5.496795
9.428940
3.901970
2.905106
4.735965
8.396230
4.179860
6.761511
4.034428
3.437040
3.223061
4.621611
4.559794
6.090695
5.206672
6.770979
5.282420
2.748561
6.546185
7.260520
7.358777
2.833697
2.246927
5.073618
3.319102
6.047835
4.713815
5.284357
4.613468
3.516675
6.929961
2.589151
2.978186
5.790897
4.346232
6.948900
4.668855
5.552324
4.803870
1.676458
1.774855
4.748812
4.887378
8.422957
5.247171
4.961712
1.912600
1.404300
7.118646
2.988051
4.876111
3.019670
5.821367
7.552164
7.260657
8.670665
6.403361
3.047937
6.756512
7.940358
4.766012
8.444805
6.383068
5.680929
5.128312
4.693240
7.380685
3.528777
4.644962
6.193036
2.373604
1.326715
4.126229
6.946543
4.218566
3.338206
6.198965
5.897249
2.823957
3.601621
4.664165
8.312090
5.300667
6.761428
7.141854
5.977771
2.174328
4.466006
5.227995
4.012942
4.725947
2.387635
7.793140
2.315335
4.517490
5.980530
5.582793
7.923373
3.548185
6.008099
8.749610
5.884425
7.520279
5.705223
5.893728
4.005348
6.476429
3.128319
3.704955
5.187892
7.004040
5.429806
4.465754
4.899277
5.160636
5.848969
4.513811
5.789140
4.448621
7.264765
5.841781
5.451028
7.326463
2.245600
6.158801
7.149315
1.591818
7.621810
5.774432
7.156152
4.280851
5.099071
3.936716
4.237987
5.051195
6.274599
4.168152
7.024601
2.567477
6.508277
3.368119
6.167531
7.062348
6.662504
4.734088
5.751353
7.027344
2.006250
4.876187
8.571683
7.189981
4.211984
3.926954
3.082468
4.763580
4.672763
5.741405
1.983856
7.075743
6.330399
6.280099
6.242203
3.710759
4.936339
8.480391
5.851765
3.419002
7.484582
5.889981
5.613321
3.695535
4.497768
3.591386
6.064991
1.548932
6.861156
5.707105
4.412461
3.615312
6.030184
6.037988
3.912332
3.130397
3.742836
2.814753
9.335353
3.496761
2.985618
4.099851
3.094671
4.444283
1.173932
8.231159
5.021117
5.410311
4.394241
7.849656
5.802893
2.742977
3.458009
7.572542
1.711316
4.145635
7.692542
7.352574
3.586984
9.550036
6.137586
3.597349
6.374637
3.401003
7.120136
4.639189
8.447230
4.131616
4.889183
5.363238
4.854286
3.590446
7.248427
5.815359
5.984295
5.250227
4.597492
3.634516
8.956446
5.598953
6.605735
6.041869
2.203898
1.829755
6.563777
3.133589
6.701385
6.391268
5.386131
5.480626
3.967511
2.163677
0.000000
4.538779
6.404684
3.792999
11.498440
2.405333
6.122809
4.675950
1.301594
5.466733
4.076801
8.181150
3.573939
6.527700
6.749939
4.844819
4.962397
7.019015
3.819591
4.514912
5.788107
6.395432
6.043861
5.638976
2.226046
6.225022
5.338015
8.493077
4.313355
3.760889
2.686182
3.517777
3.404400
4.647406
5.005516
2.877720
4.908168
1.470699
8.742159
1.931534
7.128520
5.481645
4.085182
4.747049
4.967564
3.169787
4.621881
3.268243
8.389219
5.347119
3.114965
7.392970
10.903864
2.456753
4.117267
0.000000
5.065690
8.003762
1.553156
5.493132
6.894258
6.352967
2.360141
2.535676
5.423932
2.198135
7.820455
2.349152
9.165205
5.293215
4.922561
5.576372
6.358665
10.043026
8.695927
3.686303
5.404519
5.094776
5.920343
4.462027
5.716375
3.823054
4.312807
6.177578
6.236145
6.897784
6.944692
6.256228
9.458710
5.621349
0.000000
4.110447
3.858954
8.343930
2.481294
5.085189
8.931237
5.921900
3.735929
6.773438
4.802264
9.090100
5.794540
6.903655
5.357456
5.872244
9.294872
6.824327
5.051489
5.804751
4.607056
5.866979
3.362693
2.966665
5.121209
3.370440
5.123109
4.932159
4.542349
3.829448
0.989370
11.089366
7.757523
7.488013
6.947642
9.130748
6.294492
3.286989
2.936767
2.360648
6.480848
0.000000
10.547566
3.190484
7.342541
3.726680
1.169271
2.423545
5.136430
3.693980
3.419343
8.183923
3.385164
4.109547
4.021783
7.180032
5.109686
6.897736
3.250291
9.266279
5.794731
7.451131
4.716604
5.824525
2.565815
3.772403
3.840663
3.326627
7.369351
4.066832
0.000000
6.597631
9.069882
7.014061
3.502752
4.319065
3.281441
6.430473
5.120587
4.531254
4.556935
2.270344
4.731566
4.337901
5.250207
6.466584
4.398371
3.818916
5.230564
4.405730
4.531924
5.346665
6.601483
3.097136
5.786882
4.821583
3.534603
0.421001
4.379031
0.501210
3.360553
6.825042
5.111986
5.172388
3.000999
1.479161
5.787332
2.571676
4.300121
4.022453
2.638205
4.461468
6.363369
6.789783
5.327488
5.581229
4.644093
8.112048
6.746283
1.777866
5.667679
2.549776
5.095442
5.774828
4.615090
5.317236
2.634593
3.258284
7.412993
6.957683
9.201111
7.581118
2.581235
6.985151
8.033814
2.250687
3.862985
4.822892
7.967920
7.320682
1.569463
5.755283
7.199970
1.743614
2.322106
4.263948
5.255329
5.068012
4.073936
4.906165
2.752539
5.931179
0.863823
5.785270
5.472098
3.086094
4.559944
4.376268
6.779837
9.465758
3.891989
6.750847
3.870892
2.041618
3.436386
6.900239
7.729314
4.023065
4.085324
4.952733
5.651522
3.294398
3.994442
7.370140
2.057739
7.163896
6.065960
5.827812
5.393107
7.186656
6.257904
4.496842
7.577716
1.505971
5.602757
8.230247
4.474608
1.800210
7.776766
6.496527
7.447005
10.176977
5.309129
4.612311
7.588385
4.270200
6.383062
3.236676
5.705272
3.003245
9.021915
1.873644
4.333970
6.614418
5.878639
2.244816
4.349446
3.892435
4.031619
5.229320
5.854823
8.111791
3.979141
0.000000
7.066940
6.428652
6.284998
7.953635
6.976603
5.397849
5.763588
1.169654
6.302928
5.456615
3.216804
1.951377
7.669241
5.845023
7.528656
4.819152
3.271688
7.309335
4.722009
3.476335
5.168929
7.157406
6.358377
3.701292
7.131065
4.242583
7.423394
3.592797
4.311839
4.157555
4.601323
1.954697
2.218567
3.842031
0.692066
4.865566
4.549673
6.809788
3.704562
3.367344
5.911060
3.337189
5.944899
4.706230
4.918079
6.423694
4.040267
5.929525
6.245437
5.960559
5.573569
5.227143
3.728033
6.591492
6.434568
7.668276
5.444987
8.055151
3.013032
5.200028
3.282180
3.971245
7.468833
3.765164
5.284543
1.565869
4.037018
5.436657
5.805909
5.274367
6.608130
4.704555
3.608254
2.892471
5.500301
8.017134
4.308911
3.032215
4.431581
4.369389
7.091947
4.650523
6.316507
1.203159
4.077352
3.950382
10.075130
4.625317
3.470968
7.626991
5.125004
3.711239
4.280216
4.527456
3.722500
4.029944
3.642655
4.309538
6.741234
4.791361
5.841388
4.858270
4.229646
5.911642
3.338918
8.196003
3.013748
6.813470
6.849714
6.556119
4.893350
3.125164
0.000000
5.523278
1.786257
5.058505
3.248908
1.895482
4.193661
5.097753
6.528678
6.317275
7.209488
6.151263
1.260802
3.449373
3.984004
6.079209
6.349315
5.075379
3.053475
6.817880
5.614810
3.323142
4.101631
2.252661
4.488468
7.351859
4.495667
4.223958
3.774007
6.233733
1.860900
2.644188
7.375758
3.378877
3.646196
5.500710
6.421763
6.285376
6.439770
6.154482
5.690128
3.527135
2.619616
5.068262
5.039848
1.832909
5.822946
10.756617
2.741916
6.148407
1.695983
7.449947
3.194438
4.323294
4.699048
3.398483
7.037023
2.882000
8.512015
7.893031
3.731604
5.070425
4.068149
6.181377
5.278056
7.760794
4.036102
2.596439
4.868489
7.848201
3.166531
6.075408
5.163078
4.648906
4.917736
7.300634
5.235474
4.467742
4.215142
2.662521
6.606297
7.670003
3.631249
4.833012
4.687277
9.645515
5.745972
5.018684
6.049201
2.951867
4.555485
3.488249
6.957382
5.444410
6.446126
6.836935
4.583508
5.277648
6.800276
6.097393
6.373036
3.915509
4.493682
4.157107
1.799692
7.141979
5.572829
3.895064
1.354199
4.048089
4.040147
6.184700
7.789608
7.185567
4.053375
5.351300
1.814659
5.458806
4.860024
4.640043
5.846397
2.575757
3.699066
7.881403
4.029504
6.328026
6.577142
7.011275
2.422570
7.640563
2.618117
4.504054
3.553650
4.134890
2.617454
8.451137
7.302765
5.821437
7.655262
7.123349
2.856667
6.787035
5.096576
5.265656
2.735664
6.286358
5.749099
7.016264
4.657465
4.063293
5.030488
5.028191
4.178350
6.592636
2.682026
4.765308
8.989573
3.844241
4.179991
7.757513
6.255777
4.804677
5.230768
5.188276
4.842046
4.409435
4.863182
5.875757
4.105287
6.195675
7.001463
7.451823
3.479960
1.725764
3.676686
6.755648
2.212891
5.856424
4.920641
5.293134
5.886296
6.431744
6.045377
5.444850
3.251860
4.971702
5.403193
9.050192
5.473547
4.588610
4.729000
4.290230
4.794361
3.056953
6.737254
4.046832
4.392971
3.523798
5.147730
6.698739
0.714003
0.851207
1.917782
5.677929
5.582902
4.944520
5.051475
6.328135
5.519495
4.652289
5.907709
4.804919
5.059060
4.339423
7.436556
6.167392
5.663145
5.987857
0.459266
5.222441
4.019951
1.673696
3.711232
5.091275
3.696582
0.058625
4.995104
3.702898
6.716024
5.502334
5.047650
7.605797
4.312232
3.799184
2.087313
8.115483
7.745937
5.972029
2.546101
4.194308
6.440951
5.886206
4.173437
5.555280
2.151758
6.746363
6.259777
5.697025
4.399869
5.172544
5.372663
1.212004
4.764373
2.482576
0.029539
3.530276
7.206651
5.878273
3.127339
3.854257
7.508877
3.524101
7.300731
1.953039
5.628500
9.549369
6.427103
3.811896
4.378520
3.773276
4.287817
7.473808
7.610141
3.678177
2.754844
5.600937
5.095244
4.878147
2.138998
4.402372
4.397900
3.680824
4.531248
1.930628
6.653715
3.983089
1.186105
4.525453
8.300666
4.348947
6.017934
2.903670
3.950515
5.720485
5.177186
8.913958
5.286011
7.550525
6.846199
6.231195
6.063460
6.642970
8.141623
5.840339
1.002088
6.355898
4.519760
5.436950
5.401961
5.757740
4.116976
3.873878
2.855897
5.369408
6.130391
3.993865
6.687180
7.343350
3.048224
3.435600
8.221208
0.000000
3.148774
2.480618
6.424273
3.626253
4.847153
5.543526
5.105812
2.871940
3.556112
5.131854
5.684370
4.060122
3.515081
4.142066
4.347787
4.668211
1.836063
6.312968
3.207890
1.241831
4.713137
1.872285
5.417758
6.124511
6.589932
7.664198
5.770780
2.928140
2.170687
5.874823
4.111865
0.000000
4.463122
5.563975
4.830464
6.579703
7.713595
3.579388
5.366841
4.960657
6.320112
5.749439
0.000000
7.248680
0.906768
6.519305
5.865596
7.243309
6.775450
2.823036
3.912854
5.100799
2.813532
7.099173
4.111926
8.134738
5.938029
9.386037
7.303640
5.542232
5.332997
5.326596
6.278740
2.515694
1.992058
3.013360
3.691091
6.997645
4.970819
7.528984
4.669630
6.670059
5.062581
4.354513
6.420682
6.065881
6.875454
2.229033
5.973624
10.474408
3.947911
5.258786
7.631844
5.851987
2.902444
4.144792
6.158342
5.799872
5.843754
3.144141
4.970768
6.033042
7.408065
2.235129
4.673458
2.893689
5.427071
6.344144
6.894926
6.448867
2.895745
6.505908
5.558339
2.672282
2.961925
4.098777
6.319372
5.825065
3.792066
6.849984
5.498060
8.379368
4.902157
4.330320
5.314832
0.111945
3.026269
3.243109
4.161521
3.228922
5.562745
4.789218
7.785490
5.843082
5.195517
4.211006
4.770034
5.019555
6.911503
4.331924
3.572749
2.923668
2.899493
8.194980
6.091124
3.674615
2.169413
5.269625
5.505834
7.367216
5.964390
5.453957
3.385956
5.445472
6.622984
4.152459
3.417534
7.098640
4.512076
6.168781
7.113871
2.182828
5.261459
8.383623
6.813709
5.318993
2.277908
3.404504
6.317158
6.211179
7.208042
5.463439
1.598091
3.667523
6.590097
8.182538
0.582183
3.262814
4.456771
4.374012
5.549859
6.772676
7.217482
3.965944
4.931510
5.142315
7.112316
4.402164
4.204793
2.263172
5.820655
7.260250
6.630929
4.794731
5.331022
4.863392
3.878777
6.198360
5.306907
3.012197
5.694678
6.439164
5.736280
3.869382
6.207628
3.028115
0.810219
7.586721
5.030779
4.103583
4.997961
5.046285
6.580063
9.631719
3.762091
3.569366
3.660058
6.197286
5.302964
5.175793
4.454950
2.835392
2.865941
6.408323
4.555801
8.699949
4.115651
6.890589
6.221277
3.584850
0.636086
4.843923
6.139173
4.638832
6.947433
3.749942
6.326529
4.349536
3.268912
5.257108
8.908883
5.339163
1.849538
6.973476
3.925943
8.623119
3.952445
2.668028
1.980800
3.930861
8.829940
6.884691
4.027296
5.439007
2.089981
7.470357
5.671606
8.055952
6.213051
7.521341
3.150444
5.580546
6.632688
6.332690
4.557114
3.215143
2.866544
7.311775
4.896311
10.529734
3.844374
3.819627
7.358733
6.202484
2.887935
4.251740
6.395831
3.320298
2.400780
7.766356
6.409731
4.680716
5.701890
3.295964
7.452748
4.188595
7.325382
4.665367
5.836721
8.287673
3.702593
1.982714
6.520454
6.737233
3.994873
2.191535
4.965916
4.855686
3.331562
0.547934
3.685825
6.216557
3.941329
5.648380
5.735332
3.053521
8.310828
6.359773
2.042479
6.438904
6.132212
8.900397
5.500286
2.879438
3.598718
7.344913
7.200069
8.815687
6.446725
2.441894
5.573465
4.966101
5.355162
3.736411
5.293246
4.008512
4.437380
4.366225
2.896363
6.055464
6.880971
7.034575
9.146479
7.018214
6.926915
6.961043
7.546275
4.288244
5.454150
5.999969
4.674112
3.280938
3.248501
5.817783
5.351621
6.217424
4.767577
3.457374
3.943141
3.023149
7.889238
4.026151
4.779718
3.243050
3.587639
5.655308
8.321665
6.842041
5.293273
1.343590
4.536416
4.634250
6.324030
5.481603
4.050266
8.375090
2.310182
4.166437
3.513930
5.085876
2.339091
3.894334
4.034282
5.643827
9.507894
6.845509
8.103802
8.320723
7.198108
2.817583
6.615757
2.558645
3.938944
4.194151
3.694141
6.800853
6.101613
5.008231
4.481920
4.609988
1.994035
6.602933
5.475225
6.773243
3.460799
7.386806
6.020095
5.060956
2.055007
1.839203
6.060321
8.639873
4.754868
2.821920
3.124044
6.821461
4.258349
2.293348
4.088392
4.188783
5.498353
5.947727
2.439716
5.302392
6.288811
9.390577
5.071787
6.801656
6.729028
6.144212
2.966390
6.168070
2.975522
4.126363
1.254782
3.283072
9.085057
4.150231
6.434038
3.703663
6.502130
3.608892
0.445270
5.061190
9.365710
6.291126
1.144891
3.424492
6.465463
1.668220
7.011847
6.661393
5.595920
3.061364
2.037446
8.200034
3.648072
7.614221
6.987452
4.243726
6.493292
4.336320
5.128217
5.370166
2.405855
5.781077
8.509819
8.753902
8.228245
1.396238
5.337469
3.244313
6.529221
4.383916
3.704290
4.598678
4.851912
4.377343
6.088232
7.135108
6.414958
7.273082
4.469232
4.733613
5.208431
3.312743
5.930275
9.085045
4.887656
5.069213
10.031360
6.738802
5.824922
1.678122
8.821343
9.779928
5.479336
6.187393
5.471968
5.983873
7.972996
7.279305
6.465716
3.329104
3.629070
5.642891
4.190802
3.136413
5.596701
6.851407
4.573620
5.199365
4.585641
8.194916
2.987072
4.714890
7.241140
6.825245
3.262715
7.907444
5.649771
5.400376
5.007814
2.922875
7.123500
8.018206
6.312183
5.193942
1.467564
3.892022
6.831945
3.180144
7.942078
3.527673
6.107508
5.861321
3.664798
4.008122
5.963761
5.401832
5.490679
4.781221
4.104832
6.831511
3.909513
6.080230
2.677636
7.234446
6.843283
7.290028
3.895447
3.574288
6.022607
4.794030
3.153500
3.228804
4.902953
3.162156
6.331869
5.840049
2.969862
4.888425
7.092738
5.845113
6.148023
5.755732
1.657201
8.036378
4.410996
5.384399
1.954058
3.282527
4.721194
2.497115
2.910709
2.865496
4.712677
3.569779
5.008547
4.934726
8.279448
3.615442
3.665859
10.434622
1.758546
4.633504
4.030096
2.165843
4.044496
4.553624
4.769601
3.528868
3.415627
6.869639
6.311489
5.737333
4.441690
5.862054
3.343182
2.981081
7.718508
7.000319
3.589323
5.713294
5.759768
3.404676
6.540819
1.279426
1.348552
7.130844
7.647849
4.845056
7.427837
3.600636
5.054660
4.326409
5.111253
3.360251
8.378283
4.674472
2.451346
0.687775
6.915769
7.301694
6.226590
3.471280
7.664664
5.336466
2.774618
3.254094
6.093858
2.977550
3.927331
4.305717
4.645592
5.893428
3.121904
3.372361
5.689073
6.115809
5.536652
3.357991
6.170701
2.675630
6.608810
2.628705
7.240562
7.169325
0.807827
8.116416
8.375514
4.037997
6.267775
6.957616
5.796567
4.402189
4.994574
7.855278
6.352023
8.547329
4.854264
8.684214
0.055412
1.648994
7.098040
4.195570
4.836918
2.928779
3.539045
7.080211
7.275719
7.986189
6.623211
2.458143
4.725675
2.967376
6.708597
3.582172
3.045664
7.837758
6.028468
3.208162
5.136676
4.218412
7.830699
5.628451
4.555177
9.551030
6.435131
6.490795
6.282503
7.199518
4.506071
4.218754
3.816162
8.263708
3.925780
4.170934
5.699088
3.730435
3.820863
0.660617
2.109967
6.811467
6.465625
6.065112
2.323097
3.308539
8.370296
3.924779
5.666254
3.873908
2.685830
2.409792
4.636483
4.949799
5.056805
5.363737
3.590235
4.506508
4.555320
5.270955
2.936517
4.492498
4.155162
5.921231
5.462031
4.772253
5.611106
1.217632
7.345954
4.809149
3.680640
6.101965
8.320487
4.808051
8.847277
3.947662
2.507962
6.175048
2.875420
2.187057
0.000000
4.046314
7.838328
0.640679
3.544043
7.829944
3.953091
3.467474
3.797413
4.515551
2.754806
5.903579
3.016340
5.425055
5.174463
4.522469
4.704501
3.533871
2.130587
3.170347
4.795981
1.041921
5.433326
2.557656
5.784990
5.233689
4.984198
4.250206
5.801679
5.453690
1.977939
5.421060
4.354785
9.213890
1.309032
4.607817
8.920995
6.154804
5.887399
6.305182
4.298911
2.800270
7.413243
4.554422
7.645066
5.113661
3.104108
3.374406
3.267869
1.947516
5.410993
6.566045
6.434578
7.590908
2.376927
3.697098
9.433279
1.692097
4.186542
5.611550
4.324454
3.450622
7.075403
5.915418
3.617548
3.464844
6.234378
5.466991
3.553705
2.229229
7.856854
2.649568
8.287560
5.100343
6.098051
4.387208
5.949149
3.943748
4.959830
2.758253
7.837101
7.758011
3.450606
5.801880
4.583601
3.687569
4.016781
7.352706
4.941809
5.025449
4.299925
7.980028
7.678685
6.537323
2.419632
4.799948
2.079512
6.829481
7.430228
3.467154
5.356466
5.145257
5.842975
4.301004
6.522603
5.163519
8.386181
5.488978
3.259723
5.281676
3.184827
4.084769
3.478740
1.929118
4.572235
4.823566
2.867523
6.761450
1.833891
1.918046
2.976163
6.824277
5.903528
6.811779
6.045020
5.116408
7.008698
4.460775
4.695732
8.629483
3.864563
8.217107
5.067309
7.842070
4.483138
3.689444
3.056205
2.516297
5.098727
2.579722
3.087435
7.096360
1.563525
4.635094
4.060509
4.935268
8.207962
2.139262
3.696600
7.687083
1.632526
4.507900
7.125149
7.725151
3.003555
3.168801
5.338968
6.275650
4.909362
5.093080
3.063274
1.950684
6.122515
3.926202
3.933348
2.843241
4.457888
5.433312
10.075349
4.982253
8.433001
6.043457
3.482473
4.342530
5.525194
4.586232
2.995445
3.227663
2.531750
6.851632
7.610919
8.757635
5.615404
4.548236
4.587466
8.564847
5.970492
3.000680
7.506846
5.328053
4.159934
4.777660
4.836955
4.097917
8.674959
0.971562
5.900091
4.168097
7.963324
5.027054
7.224799
2.746167
3.854452
1.821984
4.244261
4.724054
6.017946
4.690323
4.881768
3.246385
4.025394
7.275519
4.207704
5.215406
4.996886
5.315268
1.743837
5.907039
2.272973
4.791610
2.963939
4.471412
6.674661
2.546881
3.679271
4.627082
4.240977
5.321422
4.984966
7.772219
5.705174
2.371716
0.966485
4.815285
2.902884
3.530989
8.852099
4.928034
4.237016
6.311221
7.379031
2.353833
2.420377
5.885822
3.513562
9.270590
6.225703
7.167397
2.410436
6.751282
6.703913
5.987297
4.465668
6.504039
5.776993
1.440497
4.552146
6.160186
6.109693
4.437540
2.835924
3.081245
9.079811
3.360893
6.786495
6.597746
3.285001
7.097390
5.241029
4.333344
1.853092
7.267166
3.863653
4.951682
7.213111
8.491022
1.981767
3.303681
7.748148
6.242390
7.465278
1.217381
5.509863
4.727004
3.781642
5.995531
4.981604
4.009135
4.794603
1.604303
4.186123
6.377191
5.307162
0.874558
0.000000
5.030397
6.883027
2.937608
6.744474
5.084046
5.192819
9.236880
4.773411
3.994949
5.640494
6.330398
6.823365
6.277896
5.556156
4.591067
5.326479
4.586468
6.864688
4.613821
5.778579
2.514092
5.672314
7.351752
4.201285
7.864200
3.816540
1.378987
8.475119
7.990902
2.579112
2.950055
8.309657
5.649861
5.347544
4.390577
3.997512
4.066247
3.820584
4.892923
4.620392
8.716577
3.213778
5.284083
4.128360
4.138041
6.420430
5.298822
2.704704
6.038612
9.315112
5.534195
8.656087
3.076599
6.276136
4.928378
1.939370
4.963445
5.640896
8.040042
6.119081
8.143834
4.088665
3.444266
7.544519
2.589150
7.604494
7.557236
6.599034
5.166184
5.490103
5.065017
1.881213
8.610741
4.566798
3.427488
5.302536
6.097382
5.377183
6.158236
5.452932
6.977076
3.833131
4.270364
3.745041
3.695159
3.619922
3.730866
3.574393
6.036356
2.972899
6.395069
3.287324
9.201559
4.468888
7.082113
4.231825
6.259817
4.321238
6.356087
3.027655
1.946268
7.575098
4.875931
3.848182
6.318561
2.999590
2.100003
7.432678
2.790306
0.146732
3.753204
4.518826
7.048466
5.525153
6.534640
3.940542
3.476725
3.495201
5.585058
4.903363
5.195622
6.784927
7.891162
3.611352
5.748873
4.981478
3.513980
3.950912
2.047441
5.804065
7.810109
5.963159
4.153438
6.475331
7.440452
6.398874
2.593260
6.268200
3.639975
2.040774
9.116814
6.721613
5.265962
5.045991
6.137560
4.809479
6.388693
5.934805
6.607744
7.013933
5.976392
3.471162
2.065958
6.978936
8.058640
9.445520
7.065053
7.079615
3.750485
2.426516
4.742703
6.743246
5.654502
9.849445
3.822954
5.272695
6.255895
0.000000
3.888708
8.387559
6.188987
5.762828
6.367669
2.773947
8.285019
4.201680
6.025651
4.591412
4.473144
4.507405
4.692382
3.531826
3.835701
5.234248
3.776878
3.234755
3.132917
2.515620
5.384813
3.873627
6.034188
2.066463
4.673834
2.516676
7.391521
2.721514
5.750070
6.104304
3.664140
5.851090
2.743078
3.096418
0.000000
3.669349
9.805058
8.727333
7.280275
3.704279
1.471107
7.172999
7.517916
6.186010
1.491464
8.424526
3.722767
8.221828
5.092246
8.455379
9.069486
5.099736
6.798905
2.421109
3.045078
4.147794
5.085595
5.704719
4.785420
3.997150
3.118085
1.618438
5.403680
7.891913
0.000000
6.644217
4.775983
5.137309
6.459531
4.586558
4.767401
6.374470
4.154106
7.812651
7.395056
6.869915
7.505366
1.441488
3.832713
3.352023
7.054005
4.694394
2.842791
4.217049
8.233733
6.782688
4.516478
7.979003
5.251579
5.427576
4.195567
4.659145
5.949109
7.358267
4.110265
4.704967
4.195713
6.138292
3.381513
3.232361
1.724299
5.562885
9.248497
5.535346
6.799118
4.460344
3.937157
3.342871
4.271309
3.719479
3.848627
5.867728
4.334648
5.498103
6.854882
2.954855
6.068368
6.987335
3.583017
7.043512
6.249813
5.464145
6.145808
5.380851
4.350548
4.139319
3.492355
4.688027
4.967535
5.561739
7.129293
5.474426
3.793303
3.776095
3.717522
7.738634
3.158189
7.951585
5.341967
5.376092
5.841672
6.237823
4.490080
3.513382
5.074934
5.150098
6.783960
6.605691
4.943555
7.034224
6.529920
2.634293
4.646502
5.116055
6.027242
7.807289
8.554275
6.934272
5.320695
7.999599
6.899078
2.642634
5.100138
2.665243
4.131476
3.639308
5.337997
6.368397
4.689922
4.955161
9.199290
3.536936
8.657241
3.968411
4.451999
5.183386
3.316470
4.311292
7.314564
6.703189
4.175725
8.808795
5.451949
5.649471
5.209797
4.466961
1.201670
1.408651
4.314085
5.528224
2.956056
7.494955
7.358480
3.766408
2.215824
6.129687
6.321260
4.909704
5.081419
2.726620
5.047750
5.208295
6.744318
5.142327
3.705753
6.679216
5.213769
6.577426
6.063214
5.418219
5.150431
8.753188
6.851964
6.028052
4.690411
2.249674
4.610171
6.363496
2.123098
7.643218
8.075587
5.454483
7.327726
3.549576
7.990188
3.819646
5.980806
9.613467
6.316513
3.829406
3.766317
2.720149
4.539680
3.671498
4.629685
4.562788
6.178133
5.363312
7.109548
4.674226
3.696232
3.185422
3.612578
4.314958
7.656867
6.187267
6.641672
5.811448
2.943792
6.650579
4.322714
8.616381
5.865856
5.226578
6.509652
2.961439
5.349654
2.643765
6.668254
6.062240
3.855335
4.118981
8.568065
5.263264
4.226239
3.105941
1.304706
4.807872
5.793691
5.062956
4.259722
6.758083
4.059572
4.561681
5.954433
3.809642
8.061991
1.618022
4.188499
4.130401
5.268617
5.135694
3.591849
3.571259
8.645233
4.255206
2.056980
3.099683
6.057859
5.037309
4.565327
7.473692
6.965324
5.279219
2.896177
1.476344
7.224580
3.745196
6.510575
4.481630
6.144147
4.534368
5.708948
7.589536
5.688127
5.924707
2.550649
2.032827
6.660332
4.027681
9.016061
8.968312
5.985417
6.653978
6.554163
5.382583
5.104247
4.780721
3.793836
5.967360
8.271672
8.377931
5.664352
7.253923
6.925239
5.102567
4.084094
8.978575
5.472253
4.091473
4.323800
6.884320
5.427015
6.382981
3.894875
5.559465
8.759857
7.470962
2.187428
7.116849
3.376839
8.889525
4.607408
1.963724
8.522526
2.273265
4.492234
6.240500
4.720632
3.216124
4.488259
6.725495
7.507586
0.727869
7.054596
4.209780
2.327727
3.957399
1.709257
4.271941
5.390299
0.386197
5.871427
4.268973
7.873156
3.618294
0.931404
7.324317
6.395030
6.722006
2.787573
7.527134
5.647722
8.796377
4.335417
6.165123
5.770125
7.118086
5.547727
4.004021
3.522381
0.232646
4.419400
4.529921
6.130242
8.449672
7.515402
3.983092
3.338689
4.587490
4.092998
4.830510
4.435763
5.795844
2.949461
4.473527
3.444795
3.818186
5.380268
2.715160
7.020723
5.052807
5.306036
6.467893
6.080094
6.633845
6.822165
6.280337
6.909843
5.943855
5.725054
3.314026
5.879025
3.057440
6.827159
3.214144
4.560569
3.891852
6.841180
4.674938
3.837333
5.063740
7.344164
4.367881
2.366325
1.137446
7.853211
0.470151
7.878204
7.713509
4.014294
8.099794
6.542982
3.478191
4.135262
6.567335
4.815815
7.583497
9.428014
7.346521
6.565082
6.722289
3.793074
5.460053
7.118219
7.457693
6.600610
6.496943
3.428097
1.763318
3.141485
6.416914
4.535710
2.023560
5.977368
8.167868
1.530984
5.448324
6.191832
5.393173
2.435950
2.272305
6.236965
5.082191
2.551955
2.459180
4.220649
5.984017
3.319220
2.930629
2.056131
2.766266
4.711248
5.473225
5.273084
1.613713
3.146595
4.341885
4.175462
3.966466
3.674343
3.507353
5.318183
6.323465
4.331246
4.610273
3.778856
4.942376
2.375742
5.974885
7.217359
5.153298
0.000000
7.180501
7.345213
8.268829
2.666685
3.537320
5.871698
3.886864
7.757260
7.690281
9.423804
4.825906
5.380077
3.929160
5.000941
5.281136
6.354080
6.710414
7.444810
3.318772
7.299754
7.513722
3.020979
7.469548
3.936464
6.268316
3.907954
4.131312
5.244874
6.012364
5.847692
4.008657
1.661114
4.089512
5.846948
3.201424
5.881957
4.015865
4.591517
7.257535
6.864827
7.295666
0.796690
4.460017
5.471324
9.287603
6.501390
2.958683
2.068368
3.903578
1.726322
5.472851
5.851350
7.965018
1.652326
3.806415
3.725738
4.850272
3.906503
3.411420
5.016397
0.952153
4.662174
5.561233
7.505203
4.497211
2.447840
9.215640
6.406720
3.125859
7.504724
5.388139
3.597118
3.818466
0.960483
5.104046
1.012761
6.722035
2.942150
3.298755
4.506653
4.313353
3.032748
4.400043
3.257646
2.464114
3.351885
3.870458
5.261601
3.138844
1.722346
3.932553
1.670092
1.297264
5.220202
6.058941
1.203694
5.840403
4.916936
5.829176
6.094916
3.324786
3.345859
5.206085
5.897455
7.809884
7.510034
5.040544
5.974875
3.553803
5.187197
4.228912
4.309180
5.859368
1.423454
4.609231
8.280053
5.935169
3.133354
2.294307
5.919802
6.666182
3.545128
7.657426
5.122278
4.682631
6.695249
5.033606
3.551893
4.276739
2.597261
4.593970
2.875881
5.223816
6.966552
5.701225
5.098452
4.910842
3.965008
5.607196
5.936653
6.749987
2.638623
8.634962
4.716573
5.328215
6.324884
3.165309
2.771812
4.904252
3.322857
4.594688
4.472037
5.003375
6.105684
3.434191
6.353974
8.044109
8.614318
5.945449
4.349326
4.148620
5.167341
4.197462
4.040889
3.502975
7.359065
1.151991
5.735691
7.213943
5.427147
5.285350
3.340799
3.040645
6.173066
2.444522
3.179612
4.002133
7.550956
6.195751
4.813807
5.979384
3.549111
8.670978
2.312539
5.989702
7.501734
1.895341
3.392784
5.443388
4.723048
6.053792
3.668256
3.537068
3.138038
4.451074
6.420473
5.256565
7.017311
3.664631
1.916990
4.368636
4.373050
4.489471
5.837811
4.404241
4.523171
3.888520
6.025455
6.557945
8.707101
5.339149
7.239001
5.971822
4.732637
3.945700
2.673378
4.317624
8.024110
2.970725
1.718243
4.446293
6.045704
3.099465
8.669381
2.673919
3.907013
3.209156
5.268174
8.123127
2.607121
5.843963
4.879653
3.227189
3.977757
5.205561
9.249520
1.972957
5.644287
4.061952
3.644571
8.069985
5.522654
7.089890
2.974168
7.977013
1.801420
5.208951
5.918301
4.003702
3.638277
2.493369
4.514603
5.871931
6.452424
6.185710
3.469560
6.852660
4.151976
5.632798
6.850611
3.564337
6.362022
5.533923
3.287043
1.644667
4.799343
3.273472
7.354197
5.907796
10.194167
4.803815
3.720123
6.085725
3.337629
4.466851
2.741259
6.636017
5.311954
4.842293
3.370533
0.000000
5.078892
6.625999
2.798349
6.487265
4.084465
3.943105
6.595067
5.286216
4.524712
4.404788
0.000000
2.177743
6.545061
2.947308
4.098173
2.344906
5.227574
7.782578
6.032125
0.935610
3.832376
3.915343
5.686155
4.067980
1.955280
6.645713
4.742949
2.947938
6.188091
4.428746
7.555140
2.545452
2.702170
5.307778
2.808286
5.967178
5.508147
5.821414
6.308776
3.775591
4.456979
2.878513
3.896772
4.691845
4.133425
3.882339
4.067939
3.638573
5.463570
6.297127
4.725000
5.663163
2.645962
8.560340
6.954802
3.596445
8.520542
6.913939
6.419742
4.295243
2.873917
4.575535
1.953052
3.638430
3.302655
7.068030
7.332201
3.961173
7.665725
4.943774
4.762978
4.020162
7.761839
8.162233
3.866789
6.974857
5.502099
1.029512
6.861122
5.049634
6.549996
1.610750
5.571367
2.205827
4.263942
4.830043
5.437010
4.059546
5.207274
4.616221
2.556815
4.943808
5.846968
5.844172
5.088952
6.815371
3.474911
5.934206
3.178162
5.068899
3.039214
6.947308
6.039415
2.392727
6.428103
4.830198
3.531388
2.325094
6.082866
1.436851
0.423336
3.853094
4.231354
6.656844
4.189510
6.033441
0.776297
5.085900
3.699801
5.531458
6.300629
5.460745
6.038985
8.934191
3.184443
7.256973
4.687725
4.409980
3.770752
4.438591
5.762096
4.709964
3.717652
6.133772
6.713236
6.623039
6.571105
7.802387
4.679655
5.426637
3.796115
3.479492
5.765390
5.033007
2.023051
5.747387
2.767883
6.896545
6.400947
3.988502
5.203945
3.631119
3.251623
3.670306
4.476161
8.345640
5.537972
7.633251
6.584866
4.600517
7.002356
7.026941
7.941086
4.864255
3.160607
2.401824
2.987089
3.118411
4.636469
2.471095
3.004105
5.209534
8.626306
3.034034
2.311944
7.801934
2.917991
6.363006
6.708989
2.378655
6.920090
1.856009
3.182309
5.398413
4.381830
6.941907
6.079043
2.316749
5.729093
10.080580
4.909811
6.322701
4.099113
0.761654
8.931597
1.811125
3.544218
4.769550
7.731251
7.299056
2.801386
3.314669
5.080180
5.929136
4.150917
3.687818
6.691758
1.032890
4.476471
2.239970
7.059456
5.322880
7.664577
8.377828
7.890981
3.366165
2.436514
6.362389
4.252052
2.132415
4.681507
4.015856
0.929528
3.902580
7.216119
9.708255
5.250029
4.212133
4.659530
4.978029
4.469770
6.487742
5.064971
2.317390
5.389820
3.654099
4.479866
6.693978
3.041865
6.895597
4.668641
3.644323
5.031709
7.400786
2.950119
6.055664
2.566935
5.265796
8.556137
5.010883
4.700481
5.053205
7.247263
6.480749
2.951696
5.170264
5.384113
3.446490
4.887656
6.206142
3.486747
7.453595
3.819444
6.098548
5.089924
4.930649
3.679806
5.250725
6.602850
6.153824
6.388430
6.875096
6.217738
5.323126
5.925521
6.717371
5.397316
5.233583
5.559990
4.673142
1.479079
7.548104
6.769421
3.461708
5.202337
2.580448
8.278843
5.841973
6.532733
5.933672
4.536619
5.457777
3.817507
4.540705
5.550213
5.844547
0.871221
5.730089
6.501283
8.097013
5.116576
7.445228
7.177718
5.136008
1.673338
8.468021
4.050298
5.998636
6.250737
6.138778
4.804826
6.864117
5.778047
1.959014
1.623219
3.610934
6.945161
5.564905
3.349327
3.881324
4.352468
4.380151
4.291216
6.510342
2.469566
5.797492
5.943693
5.633307
4.332677
3.470136
2.563990
2.906210
2.983567
3.990232
5.688134
5.570425
1.147771
4.755119
4.961841
4.122943
1.078358
8.303316
5.678314
4.763940
5.407944
5.069936
5.347349
4.776415
6.720832
5.377996
5.058270
2.040412
2.775996
3.794292
3.423957
8.610078
6.922828
6.157531
6.268645
5.151617
4.543454
5.765759
8.592559
5.268619
3.474239
6.944008
5.006257
3.056320
3.540866
5.034070
4.461278
9.127752
5.683879
5.728350
3.918913
4.977246
8.404749
7.412599
2.357792
1.920053
3.729893
5.116228
4.681004
3.269875
6.546799
8.455086
6.379936
5.662209
3.925032
5.841400
5.114184
7.573792
4.044045
3.860000
3.199879
1.388245
6.924712
4.045928
4.335361
4.529957
3.684505
3.051954
7.172057
6.152689
3.974336
3.473034
5.130541
2.855263
4.682228
4.168897
6.346157
0.871360
5.017810
3.285158
6.155897
4.990381
4.178634
3.334246
1.376050
5.532265
2.100881
4.184926
5.781785
3.069732
0.983085
5.304891
2.561517
3.173993
2.899153
2.028649
0.484360
2.262833
7.258614
4.080526
5.018507
6.727671
5.632341
4.499366
6.834216
8.580089
5.339256
2.322667
5.567018
6.168952
3.639527
2.466210
3.281701
5.429696
4.273132
4.658325
7.277242
2.933765
6.080111
4.037611
3.948788
2.956240
3.514026
6.771447
5.365217
4.037300
1.896950
6.704521
3.781875
7.106185
4.509965
3.770625
3.633710
2.531159
2.746633
7.162830
6.097411
5.182830
2.848400
4.516375
4.878804
4.993818
6.666729
4.202617
4.115812
3.942581
3.046302
4.422829
4.711840
5.154590
3.465949
3.434573
6.757085
3.556061
6.672440
4.225605
0.000000
1.596387
6.432783
8.238464
4.879918
3.414935
7.891591
5.837112
6.338926
5.027568
4.884083
3.724004
7.557925
0.437563
0.821429
7.276613
9.894327
6.766420
3.477494
1.576733
6.420630
4.385063
7.459807
2.985109
5.346889
3.354741
3.238583
3.202192
3.964802
4.635712
1.649461
5.653901
2.800402
7.314807
6.401117
2.653170
2.410643
3.983868
3.288501
5.085559
5.483640
5.603277
3.951420
4.872539
7.754905
1.192234
0.396187
6.907945
9.136056
6.935808
3.853411
5.559973
3.498558
4.156441
5.834685
5.033295
4.544615
1.665148
7.135251
2.795732
4.513809
5.665178
3.013266
7.011581
2.225666
6.666432
2.900589
1.698979
5.121343
5.623201
3.839604
5.971859
3.184685
4.612261
9.393559
4.189708
1.389179
7.657631
6.029037
5.237972
3.791650
7.132396
4.683294
2.118922
4.305554
2.569632
5.572106
8.171715
3.818675
2.701924
3.022244
3.512124
8.482338
1.257074
4.345933
3.467741
0.866144
6.357723
5.021041
4.939256
4.659560
8.601831
4.412850
5.518024
7.432097
4.737031
1.561199
8.059514
4.598096
5.540310
0.922602
3.140240
1.465777
4.190473
4.544027
3.255236
5.891228
6.734408
4.314203
3.859220
3.178578
5.651179
2.645134
0.642169
2.298979
4.490022
8.173936
2.075078
7.228924
6.269240
4.176733
0.019695
6.391774
4.760824
2.900112
6.024076
6.445338
3.559348
4.721414
6.635122
4.150551
5.901624
5.049449
7.413083
9.056660
1.963092
3.117937
4.079066
3.479853
6.468574
1.694077
8.557942
6.850857
6.695813
2.404740
4.262228
5.965767
3.142978
7.887804
6.430515
7.620694
2.223924
2.011428
6.595545
6.696195
5.329100
3.408963
7.333216
6.011191
7.581586
2.042790
4.852852
5.291873
2.020215
6.041029
4.552396
5.059040
2.552373
6.517959
8.397841
2.772641
2.795744
6.489003
4.379730
7.934492
4.799719
4.022997
4.227466
2.886092
4.809710
4.050800
7.453682
6.138466
5.077505
8.499393
5.064442
4.558899
2.455660
5.499419
5.213748
4.458956
8.229539
2.367969
5.401520
5.514178
6.707223
4.368825
2.369535
3.364605
7.725475
6.136116
1.657430
4.061511
7.678776
4.592739
3.176117
4.264555
4.118679
6.843452
4.748132
6.535344
3.612268
2.193093
5.443304
7.091879
7.558376
5.504668
3.357098
8.069354
5.261672
6.781791
1.494965
3.523535
10.036449
7.209726
5.112638
3.561143
7.077417
6.465461
5.234046
2.461721
4.056304
7.751150
6.499278
4.919324
5.568267
4.311089
5.907336
7.057300
4.765741
6.370959
6.612552
6.969220
4.731323
6.075016
6.419999
4.188284
4.783806
4.272488
3.253701
8.314468
7.469625
1.325580
5.089542
7.601837
3.749295
4.518043
5.194060
5.288891
3.626424
5.368746
3.475706
4.976215
0.000000
1.602318
5.744119
3.161564
4.615786
4.949377
5.736458
4.072668
7.962567
5.614393
6.144861
4.864747
5.865704
4.800595
6.141291
1.247600
4.950914
4.340159
7.411370
5.075477
2.575112
5.624942
6.343663
5.400174
3.968028
5.480715
3.080194
5.086865
7.654784
7.380140
6.443112
3.255767
4.262027
2.138095
5.372850
6.356462
2.274743
5.467936
5.840678
4.821097
5.220033
3.187013
3.746351
3.026372
2.590409
4.597191
3.288429
6.369014
2.434391
5.044493
3.056833
6.917633
4.150237
1.432678
2.566606
4.909037
3.842999
6.276170
7.250025
4.955793
4.108456
6.416864
2.538800
4.317565
5.266681
7.466704
7.742423
6.682468
6.489590
5.108795
4.623167
5.876762
1.484895
4.374399
2.675831
9.531869
4.989396
6.504256
0.159068
2.303988
4.865417
5.338801
8.077747
5.021689
6.188780
6.297200
6.428483
4.461603
2.530202
4.460466
3.027022
3.683398
6.341576
7.551875
5.918554
6.903314
2.920842
3.097928
6.997839
8.248766
5.723819
3.708793
5.386269
7.731252
2.027832
7.354027
5.724597
0.877520
3.208738
7.618314
6.817837
4.327611
6.309506
8.087571
7.322754
3.824800
4.698384
2.064812
7.387946
6.468723
5.300323
5.748834
5.828071
7.732171
8.760300
4.625542
6.998087
5.040329
4.412752
8.700869
4.434475
4.161877
3.115058
3.702114
3.848122
0.843523
5.025617
5.460253
5.538189
3.714016
3.225571
5.939242
2.388285
4.319765
4.452318
5.748329
4.886174
4.511026
4.489943
4.041850
7.062941
2.923815
4.912367
2.870223
4.554448
7.680299
4.825353
5.894434
5.953319
1.783331
8.146281
4.761987
3.443956
3.733673
4.307557
0.727735
6.618412
6.178403
3.497643
5.446613
7.067625
5.405511
4.241197
4.640058
8.977278
6.392160
5.786431
4.859821
1.946891
2.736346
6.066061
7.285683
6.380846
3.845247
5.620653
2.843876
4.096897
3.667308
3.914158
5.231455
5.897249
6.061678
5.862908
4.326692
2.003189
4.756412
5.113218
8.827801
5.720061
4.453459
4.242202
7.202573
3.740947
4.718123
5.464462
4.331366
6.361318
3.664183
5.897763
3.325722
8.975739
4.157526
4.919441
2.425118
5.885215
7.725537
4.838327
4.635928
5.620416
7.595029
6.392021
7.989433
8.060363
6.737757
9.395065
5.395392
5.303559
5.935232
1.125275
2.263056
7.641150
5.511582
3.639262
6.360951
5.986098
3.472958
2.320638
5.005697
3.006438
7.149752
6.032196
5.055450
3.821601
4.131189
4.531297
5.155647
4.623088
6.873298
1.811620
4.444336
2.613570
4.413356
5.545444
5.559110
6.133621
2.894958
6.319109
4.366360
5.429791
5.612049
3.516677
3.221248
5.965333
1.814287
3.823364
7.081905
4.196455
4.161872
7.194946
2.756224
6.046687
5.926144
5.263249
5.452198
5.785460
5.191039
6.306835
4.215811
5.966948
7.743132
4.442282
7.202696
7.352785
6.668353
5.025078
5.331932
4.882033
3.643498
5.317430
8.218283
5.140467
8.845695
5.123188
4.180374
5.724208
4.595700
3.936029
8.218067
2.972958
6.423472
7.057434
4.687422
4.206417
3.874536
3.058843
6.265648
7.164675
7.130990
5.721268
6.856044
3.370356
3.303328
7.459166
2.754670
5.321420
3.006167
7.860719
4.004683
2.592143
6.894706
7.569998
2.072439
6.783215
2.961004
6.993357
2.950005
3.919186
4.889885
3.778199
5.832304
4.521993
6.887336
1.989852
1.198964
6.422875
3.408976
4.691278
0.414948
4.595269
3.931375
3.744276
8.070789
5.307096
2.317072
6.605952
3.298432
2.705910
6.260629
6.525627
9.706372
4.345626
7.185993
5.550923
9.075847
3.569469
4.553166
7.018384
6.853224
5.721027
5.934868
6.227252
3.226099
7.218676
1.085461
2.745148
6.495477
6.828956
6.422264
8.900896
3.326969
4.367643
3.224075
8.071142
5.418713
3.331624
3.609834
4.980722
4.892717
6.331302
6.359700
4.717451
7.560611
2.784982
3.753916
6.593951
7.015275
5.068490
5.610194
4.817362
6.810690
7.506120
1.073841
6.531245
3.513241
3.368547
6.592439
5.581442
4.365461
4.869861
3.180719
5.684119
5.420859
9.176764
6.607308
3.528504
5.298577
4.859481
3.701452
1.950045
3.054894
4.185539
1.112988
7.487486
5.659660
5.355949
5.818874
5.978722
6.506675
2.767192
4.464784
7.513448
4.567083
9.271763
6.727997
3.957997
3.927521
5.768597
5.374400
6.079415
6.636761
6.476260
5.703040
1.635582
3.323835
0.000000
3.095066
3.767924
1.217461
3.742110
6.155552
7.795912
6.629665
4.957492
6.417255
5.816754
4.581136
5.369322
5.284756
5.157814
6.102663
8.477607
1.753185
7.773009
3.727658
7.689194
5.632875
5.213535
4.670869
5.708336
7.274392
5.192018
4.940561
7.197342
4.022604
8.156889
2.155441
5.214398
3.003069
7.490906
6.370942
6.125551
5.414646
1.441074
5.064799
5.474970
5.425997
2.991190
5.058059
7.810959
2.063044
5.534346
5.509181
3.919866
7.092039
5.789979
4.746121
3.736873
4.754336
4.585354
4.566199
3.190278
4.970598
3.292214
6.761641
7.943569
1.515469
6.397700
7.504772
3.718727
2.924176
2.304767
4.276945
7.510048
7.363562
7.241895
8.450047
7.014903
9.857564
1.573284
4.311010
2.610477
5.647689
6.050884
4.054896
7.070540
2.758773
2.468732
5.288838
5.044805
9.536369
5.870129
3.182078
4.238182
9.049978
6.830288
5.921888
2.399794
4.133305
4.704506
4.661233
1.690789
2.544503
4.463924
3.640379
5.661932
4.856854
5.076331
7.164597
5.058716
4.987151
7.592751
6.770704
8.515680
6.000280
7.442964
3.924318
0.740098
4.353521
5.128729
1.681324
3.848647
5.605939
2.828236
6.163261
7.284563
5.709272
0.906832
5.045732
3.551056
5.871450
0.491366
3.399168
4.509871
5.143930
5.524701
2.182739
5.831533
8.130319
9.549145
8.349124
6.506860
4.237126
5.832265
3.861506
5.410907
2.918149
7.148462
2.609536
6.853491
1.728486
4.169050
6.827302
3.034924
1.647462
3.150317
8.042169
6.698439
0.156330
4.253493
2.656838
3.760360
2.563020
3.819364
6.621747
3.853064
5.626111
6.140473
2.504148
5.582799
1.575726
5.609499
6.122062
5.304226
8.177136
6.087598
4.397053
0.549966
1.964631
6.722708
5.208184
7.758287
6.864137
5.585453
2.805148
4.784507
3.253298
6.767544
2.636297
2.753510
6.176918
5.077173
5.197291
4.139823
7.269796
4.379221
5.874691
2.218783
5.284944
2.655788
5.435073
2.175858
3.836315
1.985187
5.610138
6.921969
5.408640
8.909017
5.714734
2.549994
1.232479
7.091147
3.984460
4.119230
4.013498
4.530209
6.540972
2.349085
5.061145
5.091639
7.661914
4.406635
4.764821
4.693718
4.428499
8.512989
7.868055
7.545036
4.145400
4.322034
2.289988
7.214590
5.177959
4.822118
1.812377
6.003486
4.788601
7.563923
6.872457
3.299779
4.850066
4.098837
8.554753
6.622899
4.776949
3.822161
5.287175
1.412347
6.752558
6.454394
5.734141
4.882235
5.495486
6.012008
6.232557
3.909034
5.652141
4.008371
5.693951
7.740624
6.523927
11.356868
2.050258
6.596587
3.725506
7.674358
7.035011
5.434721
3.499960
3.074713
3.885155
4.389850
4.143441
6.925686
11.453368
7.831176
7.246357
1.011586
8.397660
7.300265
0.000000
6.268578
2.453649
3.803575
4.490933
6.516303
6.403423
7.987746
3.516215
4.568949
7.978966
3.869790
4.459852
7.812840
5.138572
3.221424
6.188918
3.748275
4.473859
6.201273
6.106241
4.718029
6.565930
7.434678
4.577603
3.317716
5.708297
8.619560
3.682404
5.942442
5.830182
4.744464
3.536583
5.671696
8.217405
5.710269
6.300119
2.726218
5.136135
3.760897
3.996474
5.804043
7.881625
4.057304
4.365438
5.326487
1.370637
7.738004
4.404539
4.578992
6.659635
4.869189
8.379643
3.791727
6.113216
5.707045
5.488911
5.820950
5.132115
3.800192
6.557777
6.343091
2.378174
8.897090
4.089091
2.069087
5.945046
4.813430
3.085347
0.000000
2.800828
0.225731
5.281631
5.513604
5.176040
1.270710
0.000000
4.953135
5.081120
5.222703
5.509035
4.928258
3.209274
7.728649
2.291073
4.921357
3.318509
7.900252
4.002594
7.432102
4.296798
3.151949
1.474976
7.035356
6.452628
3.020073
8.347920
7.582516
5.754168
5.579086
6.386517
2.603956
6.433637
3.214461
10.115376
4.809762
6.431583
