5.544500
6.077579
6.986356
6.701714
5.132406
3.710566
6.586730
0.384465
3.238818
4.481988
5.661200
6.850573
4.590516
1.871987
3.501520
1.314392
3.031610
3.751579
5.095317
5.727042
3.039984
1.208277
5.409848
2.768106
3.418735
3.277257
4.217244
7.079769
2.510733
4.999134
5.385097
3.752116
4.739980
3.403984
3.212019
3.556675
3.384305
3.310011
2.947031
4.027513
7.143644
4.816992
5.566024
4.793979
4.124158
7.280491
2.190633
5.418476
5.465467
5.052864
6.022452
6.513175
3.459101
6.400260
8.698212
3.979684
6.420716
7.237007
1.306921
7.260217
4.354823
4.872674
5.529557
8.930550
4.153933
2.424232
1.749099
4.378414
4.135034
3.301257
6.784776
2.629178
5.452232
4.961393
7.831423
4.658974
7.007869
4.265245
4.628793
3.012609
6.637339
0.310783
3.442233
4.179023
6.747546
6.884303
6.468617
1.470866
1.928117
6.991588
6.810943
3.682073
3.368403
4.343790
6.656691
9.087077
4.736506
5.904731
6.518340
4.478286
5.488249
6.620658
0.000000
7.473684
5.315012
4.665863
6.883787
4.283478
5.939846
2.596418
3.069769
6.057144
5.903887
3.986253
2.723767
6.519433
3.226366
4.935711
4.762919
4.796288
5.151552
3.095269
5.095386
4.729764
5.772908
4.378398
7.060293
6.640416
3.280013
6.593125
7.078461
2.233973
4.938336
6.584929
1.770490
5.022909
5.376474
6.909741
7.636636
4.309382
6.046541
3.332216
3.674289
8.513447
4.027714
4.081013
1.791276
3.967201
5.355093
7.392539
6.418709
4.436598
3.909485
4.786770
5.025273
4.704432
4.391110
1.817501
4.244605
5.747073
3.066294
0.902873
5.184181
2.053260
5.104290
3.911105
5.374226
7.630694
4.289720
3.962349
3.325886
4.585062
5.708510
5.474569
2.446945
3.845789
8.518205
4.283422
4.958938
5.717387
6.184671
4.739684
1.338033
6.197829
6.929778
2.684799
4.853211
8.093950
5.555043
7.496547
3.758560
7.451070
2.695652
6.143936
6.821758
7.695930
3.355541
8.711220
7.448758
2.192909
3.228502
4.357739
6.266246
5.718102
3.070454
3.822120
4.219693
7.049635
2.182790
7.425156
2.943808
2.331802
4.851352
5.328265
3.634196
6.217088
7.708894
5.743995
4.755239
4.505308
8.489465
4.766435
6.129276
5.345594
3.357661
8.116335
5.031761
5.722883
5.769188
5.963849
7.253069
4.834903
5.787043
3.446706
6.514629
5.181510
5.211926
2.947841
1.249363
5.472192
3.846989
6.307748
5.683422
8.075380
5.987576
3.858582
5.204211
2.429983
3.958709
7.782454
6.472047
8.626011
5.773608
4.288423
3.723936
2.595234
2.533863
3.104005
0.668249
5.080723
3.015596
7.062531
6.494883
5.279934
0.355644
1.431700
2.325756
4.207569
3.967621
2.050515
4.249186
3.450249
2.779954
1.650146
3.425131
0.000000
3.973282
2.650209
6.514632
4.949346
7.177755
3.336758
2.202194
6.883152
4.189062
3.895224
7.625825
3.535628
6.813829
10.304670
4.234758
5.028376
3.808561
8.088623
6.325581
5.632983
3.532044
5.575078
8.706092
5.229862
3.550285
1.152257
8.184488
5.079260
4.629586
5.629306
4.161323
4.690389
3.981573
5.563059
4.521320
4.347257
5.341191
8.457804
4.022649
5.385428
8.040413
4.946952
6.396912
6.021064
3.910276
4.147968
4.687741
4.518463
4.128936
4.486878
6.708403
4.361750
3.971187
5.857744
3.008054
1.837535
5.186113
4.340985
7.468966
7.741717
5.191230
4.650918
4.355528
4.100633
1.600816
6.972666
6.296347
2.747802
1.524974
5.390225
4.810613
5.989938
4.383721
5.557205
3.113950
5.941370
6.407868
7.098957
6.747233
4.476679
3.136485
4.250657
3.825636
6.911494
6.472304
3.007532
5.011635
6.336648
3.193440
5.614505
2.587673
4.514965
5.287673
8.277652
5.566621
6.421093
5.313112
4.337301
6.071594
6.044220
8.239032
5.815628
1.717960
2.604938
7.219578
4.500181
4.037559
7.890225
4.268059
5.860595
3.247715
6.534043
3.613414
7.486543
4.552017
3.818967
7.829755
3.239137
6.228792
6.491684
7.447305
4.786830
3.084494
6.307186
6.858750
5.018437
7.509842
4.000456
6.741997
0.000000
0.782369
3.760081
5.078819
5.303684
7.155056
1.350962
8.167295
5.362961
5.555169
8.896556
4.636746
1.714669
4.180285
5.570170
4.296907
2.884229
6.974518
5.600013
8.313546
4.217522
3.833334
5.436064
4.465569
7.924567
6.687813
4.569904
3.499430
3.021065
4.085998
3.840198
8.058557
7.361549
6.484072
7.276171
1.739958
5.652243
6.969489
4.620574
3.961884
3.805682
3.318661
0.843857
4.859598
3.774668
3.494284
4.547494
6.586935
6.912325
4.172719
6.571078
5.858304
11.336733
5.895510
5.294313
5.952813
4.778392
0.010271
2.023107
6.428913
4.552162
3.170084
2.681085
6.834779
5.068266
3.863830
3.271136
5.371154
5.009308
1.950917
7.739870
3.563089
5.238929
4.108117
5.442612
7.326478
2.704635
4.814896
4.598200
6.382938
4.540735
6.169617
7.743949
3.480052
7.717669
2.978872
6.052484
3.864917
5.169664
4.086632
4.342544
3.162236
5.947113
3.825254
3.061192
4.991914
4.188834
6.343372
5.679480
5.390711
3.401762
5.959044
6.138108
6.606729
7.588071
3.074524
0.028760
2.626139
5.801340
3.947760
1.246118
4.132435
4.771720
4.383449
0.984211
3.795779
9.242492
2.317953
9.197577
2.951258
3.279844
5.031260
2.529043
7.997320
4.420815
8.778818
3.084443
7.864315
6.731930
4.980983
2.466770
2.678580
2.282244
5.536913
3.313505
6.411625
4.734700
3.952433
9.559507
4.325701
4.226849
7.645034
7.642312
4.510370
3.412547
5.129725
4.214134
6.215805
3.956126
4.995375
2.780330
8.670000
1.867545
5.338247
5.549272
1.284292
0.000000
3.813425
2.955798
5.504922
4.488083
8.235858
5.879629
4.413811
2.795985
4.300567
6.028991
7.056623
6.809013
4.332690
6.484880
4.155894
4.778099
5.322914
5.317818
8.624620
4.588783
8.132211
4.501447
6.412766
3.487417
2.330561
0.334204
6.867293
6.215523
4.019817
4.414433
1.049716
7.326427
4.497618
2.784576
5.171507
4.855305
6.455893
5.177358
4.766785
2.649448
3.526722
4.656205
1.255216
5.349332
8.200111
4.475504
6.769168
6.392919
6.616363
1.421130
5.389355
4.358278
4.873855
4.773889
6.020218
4.398664
5.734119
4.031225
5.159325
2.575056
3.496347
6.022639
7.479748
6.741006
4.485803
8.024894
6.177647
5.087219
6.988118
4.792647
7.682087
6.557126
2.121746
5.213746
3.484553
0.000000
6.148294
1.835997
6.273190
2.684717
6.609630
1.361304
2.880597
4.187834
6.399131
4.825096
4.062118
6.653797
5.573113
7.291373
6.074477
6.606595
4.296833
4.533369
9.067054
5.170526
7.661933
5.333711
5.086650
10.129514
9.058791
4.750801
4.455507
0.834245
4.696058
2.852903
2.645303
4.649922
6.731951
6.396508
5.165662
2.560897
5.100964
7.416095
5.887456
3.628339
5.883478
4.813500
5.373196
5.393093
5.582783
3.133553
1.608432
2.441684
5.605105
4.161637
4.027583
4.025384
4.293683
6.022300
7.450149
7.603361
3.894358
7.859488
10.026529
2.527876
3.148319
2.600480
4.912009
7.928527
6.594332
3.111304
5.321845
3.355147
6.413635
8.065080
9.078370
0.000000
5.221766
8.191650
4.482473
8.380293
3.821172
3.463821
8.174628
5.339321
2.415884
4.650872
4.798381
2.804854
5.147165
6.864101
7.013597
3.655826
2.228143
1.355658
4.099400
1.924541
1.003561
2.929918
3.778905
6.934774
6.203296
6.943629
3.368920
4.570880
5.757037
3.493102
5.778861
6.989978
3.246324
3.540558
4.481656
6.661601
3.706353
8.186031
6.531231
2.898328
4.796362
3.845348
1.444382
7.346623
4.137750
3.673736
7.627798
4.707590
4.806282
10.170865
8.760338
4.509550
3.880473
6.584655
3.580707
6.418727
3.516793
9.853910
6.762504
8.157494
5.428880
5.565731
3.482465
6.541918
6.194852
6.528386
8.653879
5.654634
6.951094
0.361113
2.362445
4.529948
3.277711
5.352415
3.872934
6.747232
4.907240
9.076275
5.718438
3.963974
5.512920
0.000000
5.650509
7.115359
4.971945
6.212961
2.374734
8.953488
3.874067
5.137958
7.347943
4.394116
4.708921
2.820986
3.388203
5.069835
4.496096
4.865761
7.188485
2.898913
3.905136
2.092058
2.982735
5.069895
4.237639
6.808072
2.399664
7.973479
6.163562
5.535779
6.469137
7.102320
4.348761
3.928479
4.379372
6.459069
4.800047
2.616012
1.339314
4.614908
4.729896
6.037084
4.826492
5.564430
0.000000
5.221526
4.349865
4.376176
2.532020
6.967576
4.499251
5.041538
1.938626
5.030933
2.195494
4.165399
7.161751
6.532514
2.526059
2.703955
7.510714
2.736873
2.945481
3.317035
4.111740
8.125968
2.249851
6.677900
5.253218
7.972367
3.435193
6.001379
7.758239
0.000000
4.362143
4.724905
3.644508
5.404458
7.071573
5.375675
1.504203
4.815033
4.657839
3.765540
6.289046
5.856406
7.771898
1.247762
4.637568
3.836776
5.948378
4.657192
5.061718
4.337997
6.628445
4.039162
5.022039
4.963809
2.813570
2.760465
9.632172
6.469584
0.000000
7.660936
4.931186
4.231034
8.168200
5.914356
6.012287
5.422002
3.855378
9.853988
5.930080
7.090058
2.188040
8.209114
8.452348
6.016743
1.511432
3.842080
5.672370
6.734679
8.949877
1.579884
5.897484
2.940542
3.743403
1.484133
5.197287
4.134781
2.411635
4.430315
2.533784
4.719712
7.384514
4.765576
4.135354
3.933459
2.648652
3.058065
4.245508
6.786373
7.772093
3.851537
5.658340
6.299399
3.814963
4.936560
5.569669
4.160567
6.162165
5.060992
7.555936
4.001368
5.800015
4.837687
4.120098
4.177905
6.860313
7.379799
5.189093
7.542269
3.325170
2.701001
4.202104
4.113080
3.814734
2.347405
4.596512
8.169721
4.670338
2.306629
5.193256
5.813669
4.956375
0.828410
4.268972
8.767660
4.680284
5.583308
6.679444
7.223492
5.847627
5.389453
5.736110
3.573527
4.438105
6.000280
7.961814
7.258143
1.386182
0.556309
5.882934
4.358001
6.576525
7.559545
4.326138
8.995164
1.502878
4.582952
3.539538
7.340397
6.339065
6.042434
7.897833
6.125600
4.494056
8.363991
6.501808
3.844796
9.101447
