4.7308
6.1711
7.0906
7.2310
3.9157
5.0853
7.2256
7.4649
5.5058
4.6357
4.5455
4.6544
7.3269
7.7929
4.7403
6.4046
6.2161
3.7287
3.4174
7.8289
5.8588
1.1502
2.9611
1.7457
8.4495
4.8723
8.6239
5.1659
0.0000
6.1014
3.9503
6.3839
5.8336
6.1051
5.8502
3.1442
5.1504
1.5652
5.2741
5.4024
5.6807
6.3495
5.3283
4.0045
5.3552
6.1603
7.0936
5.6416
5.7246
4.9018
5.9144
7.0733
3.8088
7.8685
6.4188
4.7242
7.7010
6.4335
7.8855
5.9006
5.6366
1.7043
5.4776
6.0940
3.1153
2.8236
5.6771
7.5294
4.3114
4.0548
2.0731
6.8626
4.7315
3.8551
5.3442
7.9330
3.8061
5.8245
4.3432
6.4160
3.3222
0.5264
3.3335
4.0130
4.6595
6.0725
4.2734
5.0070
6.2325
5.9262
6.1567
4.4947
4.3215
2.6233
5.0531
2.1512
2.9763
3.8325
7.6992
2.8368
2.5537
7.1318
8.5864
3.9764
6.9188
5.3488
5.7677
3.5873
3.5481
4.1571
6.8904
2.1942
6.8731
8.1182
4.7690
4.1349
5.2737
5.7325
8.7399
0.0000
2.8643
6.3403
3.4692
3.6441
4.2549
2.4453
5.2547
6.5775
2.4283
2.7253
3.5485
6.8908
3.0864
8.2444
2.9657
0.3188
4.0689
2.9958
9.4181
4.4477
4.7910
5.0318
1.4387
1.7184
1.7534
3.0425
6.7677
4.6053
6.2520
3.6963
3.5890
3.6843
5.0542
6.3272
9.7530
1.3774
6.5258
6.6703
2.4970
9.3443
6.6649
6.0437
5.0999
6.0911
5.1212
0.4243
2.2976
6.4689
5.8551
2.6041
8.6082
5.8046
6.5516
4.1280
5.6445
6.3352
3.4222
4.9133
4.0983
5.1988
4.9447
7.5655
7.0349
3.2917
1.5660
3.6503
3.7792
5.0687
6.0252
4.0626
1.6743
4.6782
4.6428
5.9604
4.3820
1.2698
7.9632
2.5229
4.8486
4.6381
3.7318
6.4321
5.6802
4.6712
6.8734
7.4730
5.7620
5.9186
6.8926
6.6473
3.7132
4.3837
5.1610
6.4235
9.2961
5.4310
3.2399
5.7773
6.5552
1.9422
5.9227
3.8319
5.7976
7.0466
6.2972
2.3412
4.0318
6.3523
5.5230
3.6742
7.7606
1.1008
4.5819
6.3076
6.2495
4.5708
4.5386
3.4664
3.6096
2.2019
1.4140
4.8304
7.2563
2.5880
5.1457
5.7455
3.5669
5.0125
4.5199
5.8204
5.4346
3.8751
3.3193
3.3560
8.1921
2.6588
5.2981
5.5933
3.9155
5.2391
1.9692
5.2807
2.3086
5.0911
4.9990
3.5652
6.0671
7.1482
5.4577
3.1282
5.8648
4.7380
6.1673
3.6693
7.0352
5.3926
6.4603
3.7188
9.9222
7.2597
4.6495
1.9480
3.6832
6.3273
7.4973
6.6395
2.9720
2.0914
7.0979
8.1698
4.9532
6.6436
6.5289
6.3809
10.3768
7.9634
5.0351
6.4211
6.6757
8.7300
9.4339
5.4370
6.7194
5.8542
6.9287
6.6966
6.0643
6.0321
4.9872
7.1482
4.6934
5.0378
5.6070
6.0485
0.0000
5.2874
6.2157
2.9348
4.8760
5.5774
3.4311
2.1655
5.0237
7.1349
2.1467
7.1518
5.3877
9.2129
5.5618
5.1370
3.4789
4.5788
4.8302
0.0000
3.5317
5.0732
4.8314
6.9695
8.6028
5.7233
8.3950
5.4629
2.2868
4.7445
2.4536
6.7465
5.8815
2.0655
2.5905
4.9751
3.4141
3.3834
2.8465
5.5300
2.5722
0.6208
2.4311
7.7270
6.1486
6.3960
4.2373
5.1418
4.6511
3.3244
7.8654
5.6434
2.7771
2.6345
6.1262
1.3829
3.1048
6.0101
6.6399
7.5227
4.1442
5.0543
2.9265
2.4887
4.0791
6.9022
3.2000
4.0976
3.6554
4.5118
7.7559
7.8065
5.9657
0.8522
4.4863
6.3736
6.2307
5.9939
7.0002
6.4652
3.8232
8.3469
4.1172
2.1568
5.5134
4.6667
6.6361
5.6182
4.0508
4.7332
4.8625
0.4422
6.3605
1.1113
4.3844
4.0270
7.7487
2.3773
7.3913
3.4929
4.8500
2.3379
2.9937
5.1773
4.0184
1.7953
5.2568
2.9981
4.2496
7.5324
2.7646
6.7882
3.8272
3.0825
2.1554
3.8466
5.1210
4.3745
6.8046
2.5326
9.2092
7.5275
5.9946
4.7956
4.7015
4.9400
1.5610
5.4712
3.0220
3.6959
5.6353
3.9747
3.9972
4.8755
5.2662
6.3701
4.8264
10.2629
5.4481
5.6034
1.6119
4.7214
6.0345
6.0003
6.0511
7.0613
3.3219
7.2769
9.3752
7.3767
2.8429
6.8439
4.7245
3.7042
3.6024
6.4674
6.2698
2.4273
6.2982
7.0362
5.8229
6.2294
7.0855
3.9967
5.2053
5.8475
2.4369
5.5533
5.5455
0.6457
4.0256
5.6342
7.3925
7.1656
1.7284
5.7908
7.4977
6.1429
6.6178
2.1257
6.5885
6.4351
1.3034
6.6426
8.1965
5.5537
5.0428
5.9793
4.1991
1.2278
4.4701
8.0005
2.7161
7.3677
4.2482
7.2405
3.5394
4.7803
3.0227
2.1052
7.5217
6.8199
5.4999
6.1196
2.4054
7.2835
6.1292
5.0669
5.3944
6.2790
2.1932
5.9110
3.0235
5.2491
4.9412
3.8347
3.3124
4.3162
6.5517
5.4402
7.1696
1.7992
3.7723
8.9922
3.8470
0.0000
7.6562
5.5351
3.9939
3.6858
3.3582
4.3000
6.5433
3.0833
3.9911
8.9629
6.3977
4.8964
6.4319
4.2071
8.1878
4.0455
5.2682
6.6013
3.4000
2.1148
7.8313
5.0700
4.1829
5.4222
7.2764
1.4790
6.8430
4.9719
6.9073
5.2369
8.8171
4.7647
4.2847
3.7204
4.5701
7.5525
6.6030
5.5593
4.4329
6.3823
5.6553
7.6491
5.7019
5.6952
1.9082
5.2769
2.1876
2.8127
4.3385
7.2372
5.6012
5.1636
3.1840
3.2117
4.1551
4.7936
2.2901
7.3192
5.2792
4.4612
5.8368
7.3815
1.7306
5.5154
2.7133
10.3057
3.5324
2.5910
8.3014
4.9529
4.5847
7.1449
0.1007
7.3310
6.9535
6.6789
6.3643
3.5152
3.5577
4.1526
7.2086
4.2021
5.8056
3.6666
3.5492
5.7857
8.1729
5.5465
5.6260
5.3745
5.0850
6.2654
3.6329
3.3043
6.3378
7.0019
8.2238
2.8207
2.1071
1.8354
5.0957
0.6202
3.1302
5.9274
6.5808
0.5362
4.8310
9.2565
4.2888
4.4358
5.8471
5.9180
6.9181
4.9780
1.8918
2.5610
1.2948
4.9512
5.5126
6.5137
8.2108
6.1945
5.5089
6.8388
6.2687
8.1093
5.5490
4.6278
4.5559
2.0354
3.8321
4.8339
8.6988
6.3569
5.5703
9.5562
6.1167
5.6879
4.3505
5.2382
7.3829
1.5034
4.8643
3.8254
6.8901
7.4609
1.9872
7.4902
7.1160
3.5397
2.9336
3.7467
3.8877
6.8550
4.4367
5.5890
7.3089
1.7015
4.4196
3.6192
6.6586
5.4898
2.0360
3.1419
5.2814
6.7043
5.6236
5.2138
2.4985
5.9243
6.2186
6.0166
6.7937
4.4413
6.8143
0.3459
3.8906
5.4924
4.4632
2.2979
10.0260
3.4017
7.7585
5.5589
7.3991
0.9882
5.9370
8.5408
5.1658
4.3535
6.6820
3.0417
6.1595
3.5783
5.0058
5.0434
8.7322
5.5619
5.2268
4.4403
4.2786
4.5576
4.1141
6.6576
8.7035
4.6956
5.8516
0.5628
6.3207
5.8109
0.1286
3.7536
3.3548
8.1468
3.4910
2.7688
6.5267
3.1794
6.7422
3.1750
4.7498
4.2535
5.2459
5.0684
4.9273
6.0687
2.8264
2.2137
5.4909
4.3181
3.9008
3.7115
4.0809
1.9931
3.6250
8.1598
7.3851
3.3331
7.2680
6.3461
6.0286
7.8204
3.7623
5.4027
3.2033
0.0000
7.1788
5.9862
2.5520
1.5049
4.3980
4.9062
2.1675
7.6976
3.5068
5.4332
5.4236
6.4753
4.6017
2.7134
0.9610
6.4481
3.9337
4.7445
1.4678
2.3693
2.2153
5.0731
3.4133
8.8465
4.1144
7.7773
5.4323
4.4319
6.4943
7.5075
3.9403
5.3950
3.1996
9.4691
1.8102
0.8652
8.1045
7.5006
5.0096
5.0046
7.1490
5.4095
6.0753
8.6941
4.5883
7.6482
3.7268
4.0548
8.8875
6.6976
6.7974
2.2698
8.8882
7.7794
2.0359
3.1809
7.0461
4.1428
7.3625
8.2070
3.1833
7.6398
4.7963
4.8767
4.7625
6.9061
5.2850
5.7806
3.4100
2.7872
2.6308
4.8084
5.4578
4.5923
6.8939
2.2646
0.5567
5.1850
0.0000
5.7474
5.0669
4.8806
6.7037
5.1330
8.2051
7.0288
8.3857
3.9089
4.6781
5.1539
8.0125
5.4663
5.5080
4.7256
5.1489
6.7001
5.1778
4.4338
4.3848
5.9979
5.1720
3.8041
3.9674
6.1264
4.9147
8.1900
5.6877
5.4233
6.5025
5.8790
6.6227
3.6154
6.5783
1.6875
6.0799
4.8967
1.7552
4.3366
6.3874
5.4870
3.2275
6.7461
4.5814
6.5460
6.9506
6.5479
7.1097
5.7688
5.8411
4.9280
2.4574
7.6964
5.4803
5.6627
4.9022
3.6489
6.8204
8.0336
4.2097
4.5983
5.7992
1.8624
5.1270
5.0865
7.8201
7.0351
6.3359
4.3126
3.7535
5.3174
5.3195
3.7018
7.4999
4.5034
4.5309
3.9358
3.7393
5.1882
10.0419
5.8690
7.3055
5.5498
6.1820
3.9669
5.6496
2.5642
6.3446
4.9397
6.5064
9.3593
4.1402
5.4353
4.5041
5.0240
3.1937
6.4248
4.5258
7.2791
3.1027
6.8611
5.3627
4.7275
5.2211
5.8542
6.1817
5.6322
3.1434
6.7201
5.7377
3.2381
6.5012
1.9893
4.1285
0.8969
4.8204
4.0400
3.7614
2.9473
0.0000
3.8386
7.5238
5.6305
2.2723
7.3265
7.9604
5.5404
8.9764
5.3426
9.4133
6.1101
0.9516
7.7321
3.8666
3.0642
4.7691
7.6641
5.6462
3.0076
7.9488
3.9159
5.6746
2.9362
8.1585
7.8862
10.5677
4.6845
3.6638
6.3185
7.4486
3.9023
7.7266
5.7205
6.8426
6.1548
2.6496
2.3643
2.8989
6.1187
6.1705
4.5369
8.7441
3.5297
6.5966
5.2355
1.8830
5.0817
4.8315
5.1251
5.8323
7.1393
7.5956
3.4585
7.7565
2.8900
2.0122
3.5302
3.1325
3.9528
2.5324
3.3628
8.0700
4.3705
5.7039
2.8279
3.9283
7.2130
3.3569
5.0533
4.7120
7.5891
6.4897
7.4246
7.3894
4.9787
9.1903
4.2588
2.4773
5.0740
5.7548
0.9613
5.9572
4.2326
3.0069
3.4178
5.0244
5.8095
2.9931
5.6345
4.6242
7.4482
6.5577
4.3211
6.9865
7.9204
4.1850
7.2173
4.5431
6.1650
9.0333
10.6087
9.1147
6.5792
3.8360
5.1226
5.0017
4.2103
2.6482
4.6370
6.7234
6.5140
4.3223
3.7445
6.0003
2.3248
6.7992
4.3583
4.7223
5.1415
4.0053
5.2494
2.8489
4.7748
7.0510
4.8327
5.6637
9.1949
2.8649
8.2033
3.7770
3.6333
5.9683
6.0245
3.0909
1.5699
5.0537
7.4669
3.3765
7.7544
6.1547
5.4484
3.2655
7.9662
9.2729
0.1410
2.6796
3.0240
6.4520
3.2934
4.0359
6.7058
2.3585
7.5760
2.4760
5.8216
4.5619
2.8873
6.0327
1.8720
6.4802
4.4091
5.3261
4.0700
5.4272
5.8326
7.9032
6.6652
6.1264
5.2731
2.8110
6.3890
3.7574
0.8437
1.5297
4.7361
5.8440
1.9695
7.8273
4.9612
4.2693
5.6645
11.2731
5.4531
2.3476
5.6660
2.7055
6.9068
5.0602
4.7416
4.3115
5.9300
5.7722
5.9442
6.9279
6.7175
6.9091
9.2915
8.4762
3.2706
8.3692
5.2291
7.1715
6.2675
6.7720
4.3802
3.3746
8.7387
5.1443
2.3233
4.6492
4.1714
8.6138
4.0492
4.7396
7.8090
2.2156
6.4750
5.8355
7.3223
7.1545
4.8379
6.5008
6.2903
7.3288
7.1163
4.9575
4.9786
5.9000
2.3599
2.9596
5.8287
2.3141
6.7654
3.7400
5.9273
0.0000
4.8630
2.1699
3.2903
6.0575
6.1725
6.1794
0.0000
5.2021
9.1712
8.5181
3.9562
6.3179
6.7553
7.4186
5.4139
3.4877
5.3685
3.5891
3.8909
4.1752
6.1348
4.5696
5.9376
7.3558
1.8911
1.8789
3.3870
7.6505
3.9207
4.0075
6.7756
1.7959
4.3119
2.9892
6.0806
4.8449
3.9763
6.0729
2.4065
3.4303
2.5943
5.8357
4.9183
2.8703
7.9875
7.0427
6.1254
4.2164
3.8545
1.3095
0.8446
6.4125
3.6307
3.1372
5.3437
4.7593
3.8857
5.0125
2.9619
5.7636
2.3451
5.6830
4.4458
6.1892
5.0150
5.3573
2.2977
6.7120
5.4049
3.3784
3.6144
5.6192
5.9431
6.5053
2.0614
4.6628
5.4636
2.2756
5.9315
3.6047
5.2121
8.0095
4.8254
2.7062
4.2731
5.3074
4.9945
2.6154
3.5609
4.8839
3.7260
5.5710
5.9198
2.7083
4.1250
4.4616
9.2423
3.9055
6.1332
2.1826
4.9791
7.0744
4.5491
4.5996
6.8736
4.1880
7.8250
6.5040
2.8819
2.4876
6.0353
4.1281
5.7694
5.4645
1.3374
4.1871
5.3366
2.6546
2.7471
6.0823
4.6066
4.5213
5.0742
5.5049
6.8655
3.8256
5.5598
8.0248
6.3311
3.7302
5.2532
9.2421
7.0672
4.1344
5.3586
6.8307
5.8989
1.9924
6.3551
5.0261
8.1016
5.2011
5.0383
4.7221
4.8927
3.8410
3.3758
0.3750
6.2805
7.3488
3.1989
2.5611
4.5629
5.2444
5.2834
4.9770
7.8509
3.6376
3.5518
6.5032
6.1108
4.0691
0.1664
4.9100
6.9324
3.0814
7.0977
2.4154
3.3796
7.1300
3.8743
4.8470
5.1524
2.5347
5.9308
3.4277
6.5374
3.3565
5.3488
3.4922
3.1220
0.0000
5.2372
4.0583
7.7677
6.1735
4.1910
7.0077
5.9062
6.8545
6.0788
6.0259
0.8618
3.8531
5.8493
0.1972
4.2133
2.8787
2.2665
7.2966
3.8354
4.7614
3.8204
3.9840
7.5095
7.8565
6.1975
5.2616
2.8712
7.4784
6.9747
5.1579
5.0797
2.0704
4.9463
6.1482
3.5253
7.1516
7.9123
7.6799
4.6603
3.2266
6.5258
6.0901
5.2015
2.8118
2.1787
3.2246
5.2250
2.2542
3.8532
10.8227
1.2894
4.6802
5.8903
6.9792
4.2465
4.4346
4.1956
7.9379
4.1132
3.7107
5.8882
4.0432
5.2345
5.0111
6.6595
6.2022
3.8717
4.3357
2.2654
8.1119
3.5622
5.9306
1.6059
7.5925
1.2126
7.9190
2.7914
3.6552
2.4687
3.3146
6.1933
3.2964
6.8718
3.9817
5.5917
5.3117
5.2438
4.2877
5.3906
6.1439
2.1552
5.0863
5.6248
1.0111
5.2256
7.0126
5.7388
7.6641
6.7217
3.4986
4.0993
5.5662
7.1755
8.3031
5.3301
4.8740
4.7616
7.8151
5.2452
5.4000
8.3840
2.3018
5.7073
2.7784
3.8981
3.4942
6.2336
0.4752
9.0476
4.6191
2.1732
6.0504
7.5669
5.8111
2.2170
1.0881
2.3488
5.4787
4.1401
7.5995
6.0285
3.5118
5.2904
4.2248
7.5310
3.1161
3.7103
5.1022
7.0182
3.4252
7.2826
3.2289
8.6092
3.0173
5.2223
4.9058
5.8451
4.8640
6.6627
3.0081
6.1374
3.5055
5.4491
3.5318
2.9996
2.2910
5.3815
6.5891
3.4381
7.5818
4.3047
5.9491
6.8792
9.6055
5.7170
3.2863
3.1000
4.0276
7.8353
4.0283
3.9617
4.1281
6.4740
3.1423
4.9259
4.7051
9.5747
6.5621
4.6529
1.4564
5.6920
5.4565
4.1966
9.6573
4.1823
8.0762
5.1608
0.6954
4.8228
4.2936
6.5124
5.5568
3.6892
4.2526
4.0243
3.2758
3.8584
4.8624
6.1607
5.7005
4.2271
6.0637
3.2345
5.6869
2.0368
2.8688
5.2700
2.6945
8.5891
2.8389
6.1628
3.3435
5.5877
3.2470
7.4022
4.8638
4.8681
7.0930
2.8616
1.6373
5.2621
9.3320
9.4004
6.3527
6.8283
5.0430
3.7868
5.3370
5.2160
4.8448
6.1679
2.4515
5.8863
8.8747
0.7736
4.6093
5.7232
9.3023
8.1839
5.3966
2.0990
3.3625
8.7659
8.0866
2.5001
9.1217
5.0231
4.8526
2.6572
2.1088
7.6675
6.0408
11.7925
5.7586
3.6368
5.7597
2.3842
8.1803
2.1219
2.5415
4.0556
6.9310
1.0666
5.9123
3.7428
8.1780
6.5217
6.7190
7.6236
2.6817
7.4947
8.0771
1.9473
8.3061
1.8983
3.2277
5.1405
5.4137
1.2389
5.3474
2.3589
5.0354
7.7410
4.2956
4.0249
4.8081
2.5400
2.3035
4.4906
3.2091
5.7724
6.0886
5.7977
5.2363
6.9518
7.2520
3.4084
2.7298
5.7103
5.5157
7.2883
2.7464
4.0007
6.2230
3.9068
5.9326
5.8326
5.8634
4.7043
5.1979
4.8295
5.8625
5.6761
5.4083
4.7621
8.0532
7.0632
3.5197
3.4588
2.9173
7.0090
1.9839
6.3726
4.6553
5.1371
2.6051
6.5403
8.0912
6.9380
5.7310
6.3325
8.1131
5.9481
7.8212
3.3464
2.9200
4.0354
4.0567
5.2591
7.9104
6.6208
7.1512
3.1486
5.1734
4.1911
2.5133
3.9956
4.0850
3.8322
4.1254
2.1895
3.4545
3.0498
4.1929
3.3705
3.6115
4.8935
8.2779
6.0376
1.0471
2.4244
6.2130
4.6458
1.3897
6.8327
1.8172
6.4832
5.3815
8.3879
3.5989
8.2479
4.3867
3.8995
3.8668
7.0505
7.8991
2.3774
5.2799
6.5077
5.1413
3.9215
4.1947
4.4340
2.2710
7.0679
7.0097
5.4400
3.8752
4.1608
3.8376
3.2035
5.6928
4.2900
8.6126
4.1578
3.3233
9.2819
0.4051
4.0514
7.2901
5.1174
6.0051
4.6874
7.2727
3.9465
5.5185
6.8540
3.5071
5.0182
5.4051
3.3417
7.4258
6.7026
0.9713
5.6865
4.8959
3.9550
8.0861
6.9819
5.0588
5.1432
5.0610
6.6625
3.9271
3.0386
3.5012
8.6452
5.0120
5.2647
4.4888
5.9752
5.3117
5.8717
5.2126
4.8594
6.0692
3.4942
4.7782
7.4973
5.3682
2.8277
3.5075
5.6236
4.8233
2.9471
5.4928
4.7387
0.0925
6.1148
6.0784
7.2866
4.2142
6.5259
5.0688
5.0665
6.0862
2.5319
4.4345
6.8281
7.9168
4.9086
2.6942
6.7428
6.6564
4.1223
7.1623
2.2372
6.4474
3.8868
6.5677
4.9403
7.3235
2.6366
7.4505
5.5183
5.6099
6.4726
11.2609
5.5203
6.6807
6.6026
7.8611
6.1401
5.5118
6.9136
7.8793
3.8827
10.0721
8.8797
6.0596
5.9606
4.0743
3.8577
2.4812
5.1123
4.1815
4.6653
5.5432
3.9366
4.4912
5.6101
2.7062
5.8844
7.8486
6.0759
3.0934
3.8967
4.5155
5.9350
5.4473
5.3704
2.8723
1.5114
6.9884
3.1253
4.8253
5.2593
10.1342
4.1569
3.3239
5.5558
1.8285
3.6663
6.9597
4.8785
3.4436
9.6066
5.7450
4.5365
3.4055
4.6704
6.2923
7.7247
8.0065
5.3954
6.2339
6.2457
4.7047
5.0793
3.7611
6.0282
2.5461
2.9666
2.8937
7.5969
4.3735
7.6882
3.1215
7.6821
4.4096
6.9044
4.0991
5.9054
4.2796
2.3384
2.7876
5.1920
5.7909
2.9301
2.5282
1.7222
6.3367
0.0000
0.0000
0.7201
5.1413
4.8640
5.3780
2.8634
3.4979
2.8333
3.4666
5.7135
4.5885
7.2060
7.1816
7.3478
5.9964
2.5829
0.2771
5.2816
4.0011
7.4227
4.3705
2.6770
7.9123
5.2467
9.0612
6.1313
5.8370
5.5936
8.5314
6.0378
6.3852
6.0095
7.2686
3.7427
6.1842
6.2511
5.7241
2.7825
3.0727
3.8559
3.2686
6.8591
4.1529
4.5473
5.3428
7.3420
5.3890
5.5179
5.9499
4.4885
6.4319
6.2401
5.1483
8.2082
3.7317
4.4900
7.0825
7.7782
4.8974
5.9635
4.3076
6.9341
5.4805
6.2765
7.9173
5.3643
9.0903
7.7431
4.9660
2.0790
1.3901
5.6281
1.3786
5.1524
7.2527
1.9301
5.9704
5.3457
5.7140
4.6656
3.4547
5.1095
5.7070
5.3217
2.4133
7.8478
5.6424
6.0876
4.7901
4.3758
5.0604
7.2011
3.3314
5.4302
5.1194
1.0474
7.9617
5.6501
7.9832
6.6965
1.0009
9.1051
5.9758
6.3819
8.3042
6.1388
9.5464
5.8895
6.2301
2.5971
2.5948
0.5341
2.9197
5.5759
3.7490
6.3679
0.0000
3.9104
7.6186
5.4650
5.3279
5.3329
3.8394
7.0128
7.9358
3.7819
3.8239
4.0910
3.9620
4.8673
2.5172
4.1105
3.3674
2.7459
5.7877
6.6887
8.3619
6.7141
6.6337
7.4978
6.8731
6.9818
6.1375
6.1252
5.8414
3.8457
1.1088
6.1363
5.2671
3.9612
2.3763
4.3247
5.6805
4.9505
1.6161
5.9490
3.9421
8.0744
5.1687
6.8846
6.6536
6.4240
1.0502
6.8256
4.3359
3.2961
4.9602
7.4351
4.6919
4.1882
3.8469
6.3290
2.9783
4.5220
3.5630
4.4016
6.5109
7.1528
8.2763
5.6002
5.9245
5.8087
7.0994
4.8626
2.6186
5.3820
3.9595
5.2880
4.2623
5.1577
5.8941
3.8420
4.3366
0.0000
3.7994
4.2446
3.3073
6.1578
4.7669
5.1546
4.0460
6.0808
7.6529
5.7013
4.0839
2.5196
8.3414
7.9071
7.2967
5.9590
3.2557
5.4268
1.9007
4.1513
3.8455
2.3288
1.2222
5.0280
4.8263
5.2960
0.6372
4.0802
5.1194
4.7929
7.5619
7.0203
6.1157
4.2716
0.5423
2.3475
3.1053
8.1192
1.4221
4.5067
4.1076
5.1492
5.6230
7.3740
6.8337
3.1914
5.1651
2.8983
4.4923
4.4788
4.5833
1.7648
5.1831
6.6561
4.6364
4.9477
7.4954
2.7103
4.0639
4.7934
6.8434
4.4384
6.9880
1.1389
0.2580
4.8448
6.7121
8.1012
4.4823
4.3742
6.0536
3.1597
4.2434
5.0801
4.2157
6.9634
7.8326
0.0000
3.6599
3.3991
4.1318
3.0315
4.6289
7.5234
7.2180
5.1607
6.4256
7.6006
3.1544
6.6609
6.6269
5.1677
1.1376
4.2745
5.3359
7.3532
7.3672
5.9915
6.0674
6.2301
4.1116
3.9361
4.4588
4.1705
7.0978
5.9905
6.6365
6.7876
4.5821
1.5034
5.6357
5.7374
2.2679
4.3574
7.3771
4.9281
0.3952
3.5731
4.4605
4.7673
5.7177
7.7371
6.4741
5.9698
5.8101
5.5575
4.5139
5.3785
1.5005
4.9964
4.5653
5.5561
5.5301
3.5710
4.2113
5.0913
5.3060
6.2981
1.4990
7.2648
4.3083
5.2859
5.6146
6.7577
10.4842
4.0805
5.2592
4.2760
5.0884
1.8938
2.8469
4.9651
5.8153
8.5356
5.4155
4.6171
8.0717
8.3905
3.4461
5.6544
4.7663
4.3885
8.7329
3.7129
4.3091
4.8831
6.7680
4.5851
6.8903
7.9385
5.3479
3.1178
6.4047
5.8446
10.3723
6.7203
6.8436
6.7365
4.4609
6.6200
4.1779
4.5143
7.5863
7.0621
4.2392
4.0854
3.4718
7.7011
5.8869
6.6430
3.9623
6.4447
9.5928
5.6632
0.0081
6.3168
1.9776
4.6224
2.7453
7.2833
3.9419
5.8649
4.8480
5.2417
4.5998
3.7048
4.1164
2.1633
7.5571
5.7712
4.8073
10.4944
5.6516
7.4673
4.5227
2.2923
3.4566
5.3223
8.7939
2.8698
4.5327
2.8912
3.0485
3.0262
5.6218
3.7161
4.6402
4.1273
6.7845
5.9212
3.6111
9.1946
1.8053
4.9948
3.4028
5.4852
6.3821
6.1718
2.7967
4.6342
3.8158
3.3152
5.0932
5.2327
4.9455
6.6730
6.9570
2.5797
8.9920
5.4777
2.3465
5.4337
4.1586
6.1811
5.4343
5.3855
5.0658
6.0429
5.1177
7.4519
5.7173
5.1851
4.4426
2.9201
4.0211
6.0915
5.6391
6.3420
9.7343
4.0458
4.2263
4.9679
3.0847
8.2153
3.2466
4.8926
0.2661
3.1250
6.0923
6.0589
7.3188
8.0424
4.1232
8.0262
6.7910
4.3367
7.0625
4.9779
6.4952
2.6118
5.1652
5.9443
6.3327
8.2201
8.8926
8.9046
2.7100
4.2256
7.1242
7.2673
7.3603
4.5198
3.8626
4.7050
7.6286
6.2526
8.0918
6.0801
2.8979
4.2266
4.0295
5.4881
5.2529
3.9353
4.9163
4.1948
1.5719
6.0346
4.4415
5.2615
4.6850
4.4540
4.4719
5.3609
4.7237
3.9417
3.6077
3.0751
4.8110
7.8212
5.7683
4.3177
4.9276
6.7596
4.0990
8.0533
7.6508
6.6451
7.1984
4.3567
8.2747
5.3901
5.5534
1.6373
3.3371
2.6837
4.4900
9.0389
3.7760
6.2795
6.0951
1.9491
2.7637
6.0159
6.0017
4.9351
5.0516
4.6880
2.1070
2.2359
5.6943
2.3381
3.5311
3.4602
6.7807
6.0949
2.8458
4.9425
3.8182
3.8769
4.6142
6.2690
6.0405
7.5792
8.9235
6.9335
6.3298
5.2653
4.5904
7.0807
5.2856
7.1298
1.6016
4.3979
4.8645
1.8100
4.6343
5.9756
6.6646
5.3422
2.9945
5.5226
0.0000
3.5231
3.6502
2.8057
5.8206
6.4300
4.3121
4.4744
5.2965
3.1556
2.1826
5.7222
5.0319
3.9474
2.8235
3.2485
2.2538
7.1068
3.0138
1.9060
6.7706
6.8212
4.1940
4.0426
5.3641
4.6012
4.5348
4.4940
5.4949
8.4069
6.0900
6.6944
7.1086
5.8923
7.5746
3.8951
3.0535
5.1371
2.8699
8.5873
3.3616
3.2934
6.9708
4.2028
4.9089
5.2429
2.7614
6.7688
4.1527
4.5219
2.5104
7.2320
4.0925
5.6101
3.1122
5.8887
4.1930
6.4065
3.1149
7.9014
7.8140
2.7179
6.3833
3.5869
5.9509
9.7355
4.6583
4.5493
6.0290
5.0297
3.5489
4.8943
3.8686
2.1076
3.0125
3.9929
6.5144
4.5528
6.1879
5.0681
6.5166
5.4052
4.9783
7.7960
6.4319
1.1073
4.7098
6.4046
6.1426
4.0444
5.2433
1.2105
4.7666
6.6810
8.3578
4.4640
7.3936
8.4822
9.8309
6.5530
2.6172
2.6523
7.2482
3.3936
5.0055
5.2902
4.0685
1.3199
2.5447
4.7980
6.9537
4.7286
6.2879
7.4549
4.2979
7.0776
2.7629
4.9430
3.9784
5.2496
2.1048
5.7898
6.1038
4.7685
4.6917
7.3712
5.8312
4.6454
6.7174
5.5188
7.3090
3.2612
5.3006
3.1413
7.0275
4.9121
5.8420
4.7266
2.1600
2.9926
6.3900
3.7729
5.8613
5.4452
7.4935
5.5545
6.2340
4.0564
5.7665
5.4366
6.4308
0.0000
5.5414
2.0911
3.2271
4.7869
8.2542
5.6737
3.7884
1.9678
2.3841
6.7634
3.8714
2.2280
1.7606
7.4871
8.4648
7.7403
4.3274
4.1171
3.5904
7.5342
4.5008
6.9103
7.1524
2.1431
6.1660
3.7506
7.5353
4.6900
6.8068
2.7534
5.7240
4.1289
3.3534
4.4320
4.3789
4.7204
8.1722
3.6661
6.1203
4.0290
4.9326
3.8985
7.7930
7.8569
5.8357
7.2202
5.3650
5.2819
7.7700
3.3891
2.5307
4.2364
4.5977
4.3279
5.2160
8.0139
7.2265
5.9801
6.7917
4.1931
6.2079
3.7251
4.2780
3.9103
4.5561
2.4717
10.0681
4.2989
5.8780
4.5680
2.6222
3.8927
6.8896
5.4558
2.4453
5.0811
4.7840
6.6431
3.4707
3.1601
5.7250
4.2409
8.8223
5.2538
2.2900
6.1221
1.5939
2.6003
5.6029
4.5211
3.8659
1.7801
3.6094
3.3542
5.0874
4.1930
7.4607
4.4115
4.2650
6.5499
5.7270
3.1581
6.8141
6.1908
5.5892
5.8326
3.6894
6.4004
3.9100
5.8649
6.8551
4.4506
3.2682
4.6155
7.0833
4.1084
4.4988
7.1308
4.3561
3.2114
8.5522
8.1227
5.5779
1.0112
2.3970
5.9515
2.5598
4.3032
5.0792
7.7270
6.5128
4.6427
7.4072
7.7350
2.7327
4.2714
2.4965
2.5064
6.5694
5.2091
2.9115
5.0498
3.3908
3.4354
4.1098
4.9676
5.7810
8.6432
5.0483
2.2186
5.7645
3.8615
6.0730
6.2313
8.0905
3.3382
2.8200
8.0823
4.0808
5.1506
5.4992
3.6934
7.3015
5.9040
4.6848
0.0000
6.2700
2.0303
3.5806
4.9551
6.9229
5.5194
4.5701
4.6761
4.5705
8.3466
8.7958
5.6849
5.9652
5.3124
2.2699
6.8178
5.9382
5.5740
0.0000
2.7211
4.4779
8.1210
5.9719
5.2614
6.0296
6.7139
3.8546
5.0940
4.0443
3.7785
5.2778
6.3430
6.3010
7.9060
1.1688
6.1887
1.4255
4.7911
4.3314
7.4068
4.1719
5.7707
4.2145
7.6368
5.0376
3.7047
6.4693
7.2164
2.2773
2.0804
2.0759
5.4764
7.3223
3.0485
5.7428
5.9808
4.0241
5.6774
6.8323
1.3308
4.2562
8.0417
3.5629
3.3922
5.6175
6.5924
5.8297
3.7726
0.3588
8.8057
4.6892
4.1305
5.8354
4.5118
4.3596
7.2443
4.9225
4.3666
7.7054
7.3869
0.9946
3.7854
1.3011
7.3937
6.5282
4.9591
4.3186
4.6741
4.4727
8.0901
5.6206
4.3211
3.8929
4.3338
6.9135
8.4402
6.0091
8.6615
1.8502
5.7934
4.5653
7.3682
0.0000
2.8668
5.2198
5.4701
4.5623
6.3201
3.8462
4.4109
3.4286
6.1766
4.1954
5.8624
4.2066
8.7360
6.0756
7.4118
10.0454
5.3593
5.3566
0.8302
5.0312
6.0135
7.3470
4.6776
3.5821
0.5270
6.9997
4.1114
3.7884
5.7608
5.6330
2.6091
6.8841
4.9034
6.1820
2.2316
5.0116
0.0000
8.0589
4.5089
3.4434
4.7967
1.9576
3.2660
6.0897
3.9654
4.8621
4.4923
5.2165
4.6561
5.7724
4.6242
4.9157
9.0446
6.2974
5.0691
1.1367
4.1246
5.4466
6.3435
2.0210
3.2529
6.3147
3.4523
3.1233
5.1785
6.3734
6.4097
8.7768
6.6607
4.9724
3.3641
7.0540
6.2194
7.4131
4.9842
5.4924
4.3001
3.1459
7.7624
3.5416
1.5246
2.5968
8.1840
8.1445
2.8623
7.3493
3.8599
3.2973
4.1163
6.4097
2.0529
8.1926
4.6728
2.3605
4.3621
4.0424
0.0154
9.7768
4.7595
1.5715
7.6497
3.7631
6.6563
5.9903
4.6333
5.8982
3.5334
5.0529
4.9764
5.7645
4.5362
5.2257
3.8691
5.9756
5.7750
2.8655
0.5069
6.7887
2.3808
6.6808
6.2559
4.5195
5.9219
7.0345
4.5151
7.2996
4.6821
4.9156
2.6322
4.5525
5.5770
2.5213
5.3854
3.9774
2.8162
7.2735
3.0854
4.7039
4.3699
3.1164
1.3006
4.3201
5.2985
6.0548
9.7270
3.6789
5.2017
4.4835
5.9166
4.8678
8.3862
3.3116
6.9915
8.4805
1.2011
2.6898
4.0706
7.0615
4.6241
8.0820
4.4671
7.8662
2.9719
5.5978
1.7928
8.7326
3.9328
4.1738
4.1574
6.4700
4.9371
2.3203
4.2931
7.3260
8.7098
6.8647
3.7797
2.2276
1.1450
5.9660
3.2641
6.8794
5.5671
7.1197
4.5520
3.5587
5.1919
3.1150
3.4670
8.7318
6.1583
5.1084
2.8525
3.1769
6.6001
2.3999
4.4713
7.2099
7.3946
5.0885
6.9643
2.1356
5.4425
7.0517
2.2619
6.4932
0.9154
5.7490
6.7030
4.3919
5.4723
5.6301
5.4802
3.4282
6.3511
5.2561
5.6182
3.6598
5.0157
6.9912
5.8737
6.2624
2.7520
4.3679
4.8259
7.1981
6.4151
6.8831
6.4812
4.5784
7.0600
3.0188
7.5179
2.6844
4.5893
5.1857
3.2987
5.1574
5.9430
3.0003
8.4387
7.4903
4.0822
2.3008
2.1304
3.0239
3.0637
6.2478
5.6915
4.4210
4.0732
6.9525
3.4543
4.3171
4.1952
6.2703
2.8447
2.8788
7.4947
4.9799
2.8225
7.0420
1.8453
5.6284
7.5634
1.8908
3.0739
5.7091
5.8458
5.6126
0.0000
7.3643
3.8331
5.5126
6.5301
4.2741
3.6888
3.6291
4.8451
4.8102
5.7070
4.9017
5.4445
4.7301
3.3892
4.8982
9.2176
5.2109
6.8154
2.3216
7.4258
3.1836
8.5202
6.0425
7.1733
4.8012
5.5615
7.7067
2.1752
10.3573
3.7137
5.5710
4.6521
5.3482
5.7259
0.0000
4.9547
6.6472
3.9407
2.5386
6.8376
2.0201
9.7195
5.5035
5.5845
5.3514
3.9887
5.0617
2.7168
3.6403
3.1540
2.1964
5.2639
8.7474
5.3876
3.1382
3.3443
6.4881
5.7510
4.1466
5.4357
4.5510
4.0095
6.5464
5.9452
4.9080
7.0427
0.8016
4.3585
0.6944
4.9537
5.9666
2.9807
4.8930
4.4882
6.5054
4.9921
6.6577
6.2241
3.8864
6.9720
6.0714
4.4189
4.7197
4.7585
5.6802
3.1942
5.9830
3.5511
2.2094
1.9984
2.6544
3.6175
2.7077
4.2537
2.0828
3.1021
5.4772
7.2456
7.9600
7.4083
6.1557
4.9014
4.8593
0.0000
8.2995
5.4112
2.2951
4.7350
6.9694
4.1319
3.8683
3.8917
7.3614
4.0961
8.0983
5.9183
3.3485
6.0109
5.4099
4.7341
6.2350
6.3252
7.2421
2.3305
5.1765
4.7673
3.1209
7.7686
7.0067
7.0210
4.0352
5.6888
6.7516
2.7023
4.0570
6.3249
8.4082
5.5826
1.1104
6.7873
7.6675
6.6660
4.8285
3.0000
4.7275
4.5973
3.3096
4.2566
1.2299
4.6142
8.4894
7.8358
6.3962
4.6113
7.0640
6.0484
5.2461
4.3605
8.5696
3.0805
3.3844
4.3904
5.5059
5.7216
5.3884
6.5480
3.5986
1.9325
5.0907
4.4649
2.6730
1.8933
1.0482
1.8554
5.8722
8.8951
1.9161
6.8630
5.7886
7.2514
4.8280
7.0313
4.2530
6.8872
4.9432
1.0587
6.1973
4.8407
4.8790
6.1844
7.2554
6.7677
7.8093
9.5133
8.6753
7.4342
6.3676
6.3430
3.5947
7.5690
8.6589
5.6895
0.4111
4.2734
6.0743
6.2685
5.4332
2.5648
4.1600
4.7575
0.0000
5.0605
2.8462
5.0291
7.6920
4.7833
4.8748
4.4084
5.6206
5.9830
7.4937
0.4668
3.6717
3.8738
2.9322
4.7393
3.5768
5.6187
5.2922
6.3006
7.6553
5.3163
5.4764
4.4643
2.6611
2.3425
4.9429
1.6728
7.8180
4.7337
4.3728
6.5362
6.5229
6.6395
2.9275
3.2506
4.2831
2.3664
5.4684
6.3195
6.3612
6.2065
4.3593
2.3348
4.6105
0.1997
3.4468
5.4757
0.9911
8.4632
7.7222
3.3223
4.7124
4.7494
7.3854
4.2477
3.7701
5.0040
5.7087
5.0178
7.5647
6.2196
3.3317
4.5655
1.7047
4.7519
4.4948
6.9724
0.8133
5.0732
4.0362
6.6926
5.0590
1.7704
4.3040
4.7313
3.4073
6.2466
6.5747
3.1295
5.4305
7.0465
5.5365
3.3506
7.1714
4.1178
3.6098
3.6863
5.7110
7.4883
5.1283
5.0889
7.0277
3.4214
7.2576
4.3408
5.6214
3.7624
6.6981
7.9470
5.7883
6.2597
2.4164
6.4152
9.3715
4.5538
3.6122
3.1876
4.2975
6.4416
1.8779
3.9077
2.3036
2.8026
3.4636
6.1618
4.5267
4.1534
5.3023
4.3273
2.9144
6.4779
0.2811
3.2775
3.5100
2.1755
8.2105
1.8904
5.6047
3.5494
0.0000
7.1232
0.0000
8.1974
3.4096
5.4418
6.2001
4.8973
3.4814
5.1290
3.0044
4.6791
5.3565
1.8560
3.2172
6.6238
3.7884
5.5287
3.3318
4.0069
4.9499
5.6101
5.1218
5.0237
4.7752
6.4954
9.5631
5.3806
6.8040
2.2843
7.8492
8.8766
10.0905
6.4579
3.9968
2.2429
4.0069
7.9220
5.8456
5.5086
2.3398
5.8651
4.7789
4.3296
4.9948
4.1278
3.9010
4.9198
4.9803
1.5763
2.9835
4.8338
1.6885
8.8315
4.6693
4.6074
3.0093
5.8438
4.1318
4.1830
2.1030
3.3830
8.7921
5.8487
7.4679
5.8968
5.4411
3.6473
9.8349
3.9266
4.3901
5.4414
5.8259
6.2900
6.7520
3.0492
6.1213
3.3580
4.8439
6.1671
0.8663
6.3837
5.4007
3.3562
6.8242
3.5664
4.5652
5.5557
5.5951
5.3638
4.5330
7.3969
5.8312
7.6173
0.0000
5.7217
5.7658
5.8001
3.2304
2.4264
4.9704
3.8139
3.8541
7.2488
6.5945
4.3995
3.7404
3.3943
3.7728
2.0861
6.5686
2.9283
3.2714
2.9930
7.3233
5.5962
1.5133
4.2584
5.6202
8.0904
6.3257
8.8553
2.9457
1.3747
3.7307
2.7911
4.5285
2.7433
3.8706
3.6937
4.6855
6.2386
1.5527
6.6576
3.6525
4.2616
6.2126
7.0546
1.8391
3.9384
5.1472
8.0076
6.8070
7.9712
6.4476
9.6343
7.1724
5.4135
8.3458
5.4537
5.7746
5.9824
2.6692
6.1988
1.9084
5.1523
3.7447
2.2717
2.8572
0.0000
5.5546
2.3797
6.4304
6.3759
2.3822
3.7411
7.0726
2.9619
8.4270
7.4538
8.5869
1.5828
8.5977
3.8285
7.7876
5.3057
1.4024
5.8173
1.2679
5.2026
5.6229
7.7085
2.4110
4.6506
7.6561
6.6486
1.2363
4.5969
5.6897
3.7401
6.7852
7.1507
5.0184
3.5475
4.5981
1.3214
6.8603
3.6994
8.7348
0.0000
4.8563
6.4140
2.4936
7.3757
4.3744
3.9904
2.0980
5.7131
5.6743
1.7246
1.7963
1.1362
1.4752
8.0366
0.5511
6.8559
3.4903
4.7744
5.5401
6.5082
7.5505
5.1205
6.7733
4.2036
0.0000
5.8375
4.7552
7.5523
3.4621
5.0372
6.5282
3.6207
6.1374
4.6335
8.8405
7.3263
3.8245
5.7943
4.6802
5.3119
5.3224
3.1097
3.7343
4.4433
7.1536
5.3908
4.5889
4.0774
8.6808
10.2320
3.3331
6.8927
6.2616
5.1679
6.5311
5.0492
3.9367
3.6413
6.9445
5.1839
4.9511
5.8982
4.8010
3.2243
7.0811
3.6216
6.2095
1.6309
4.1988
3.4101
3.8349
8.3028
1.6374
3.4195
6.2630
4.0029
6.3022
7.7633
5.3843
7.1563
6.3512
2.0905
5.6640
3.0806
7.5309
4.4612
4.8098
4.7595
7.2253
0.9933
2.5995
5.7709
4.5615
3.3283
4.9190
6.7423
4.4327
5.4762
2.0502
4.9825
0.2534
3.0502
5.2794
6.8514
5.4872
2.2953
5.2958
6.4883
3.1180
5.6793
2.8105
5.0956
6.5385
6.1511
5.8594
4.0613
5.5853
5.6492
4.4333
5.8970
4.5825
3.4001
1.5295
4.0342
7.3830
3.5716
1.8284
6.3930
3.7170
3.4440
1.5113
7.7449
4.1004
5.4365
3.2611
1.7926
4.3739
5.1153
5.6496
5.7097
4.0290
3.9695
3.3783
4.5572
2.4430
3.0665
6.4154
1.5957
4.3602
8.2470
7.0821
4.8556
1.6845
6.9307
5.4335
4.7242
5.3307
7.9358
6.0045
9.6649
3.8372
3.1736
6.0726
7.9357
3.4222
2.7695
5.4831
3.6406
3.2092
7.2167
6.3194
5.1010
5.3903
4.9552
7.0831
6.5345
4.9760
4.6640
1.7379
2.9048
7.5998
5.5679
5.4237
1.2446
4.2178
4.8204
6.9918
3.2566
5.2465
5.1647
2.9828
5.4260
5.9382
4.3700
5.9714
4.6305
5.7533
1.8880
2.2675
2.8013
1.7725
7.4972
5.9263
3.0168
5.4455
6.7059
8.1318
7.2195
3.8171
5.1450
6.2900
2.2631
5.3939
4.7230
4.6903
1.7981
5.2708
7.2893
5.4009
5.5223
4.1987
6.2813
5.5954
2.0957
4.3096
0.5715
4.7892
6.5901
4.3112
3.8760
1.5066
6.0692
4.4645
4.8051
6.5252
3.4111
5.3812
4.9895
1.0988
5.9679
4.4246
3.4723
2.2075
5.7434
3.6153
4.0559
8.1663
4.6500
5.9376
8.1492
1.8363
4.8919
5.3272
7.1369
4.1413
2.2450
5.7386
4.0832
8.3891
6.2641
6.7555
6.9931
5.3231
0.0000
4.9507
2.3098
7.5946
3.9556
7.1936
6.1946
5.8895
7.3149
2.8876
7.9712
6.4266
5.0475
7.0358
3.9871
5.5670
5.4881
5.0825
5.4382
6.4113
5.2214
4.5560
5.5766
7.4057
6.0538
6.8940
3.7917
8.7190
2.4303
3.9829
6.1255
0.0000
3.6513
2.7901
2.5715
6.0705
2.8078
6.3585
3.6989
7.2112
3.4915
4.9728
6.3144
5.1708
4.8406
4.8011
4.3446
8.7908
5.6301
3.7496
6.8369
5.7280
4.0383
1.4313
3.5370
1.8665
3.2622
6.6267
1.8654
4.6140
2.1918
2.9547
5.3235
2.6130
7.2432
1.2910
5.0887
7.1946
5.3988
6.4278
4.8521
6.8188
2.7537
2.5354
2.8384
5.4414
2.8669
5.4529
8.0678
2.7982
5.2101
3.6692
7.3848
6.2197
4.5213
4.6906
4.0830
1.5216
8.0158
6.4930
6.3718
4.9386
6.2895
4.2949
7.3191
5.4105
4.3259
4.8683
2.6985
8.0188
3.9118
5.9785
1.4746
5.2300
5.0966
5.5514
4.6774
3.7305
6.3350
1.3022
8.3200
3.4982
5.1150
5.7612
5.1933
3.0152
3.9474
3.7525
3.9446
5.8250
8.4608
6.9425
4.9816
7.2671
8.5971
1.2263
5.4370
4.2780
4.4387
7.8811
4.3324
6.6392
7.3757
2.5526
3.1878
7.4075
0.7459
3.4288
5.7933
4.1962
3.9943
3.7017
5.8687
2.9222
4.2068
6.9439
4.1904
6.4930
7.8946
3.6687
7.5405
4.7937
4.8658
5.1587
3.3688
5.6037
3.0228
8.3715
7.8613
5.2733
7.4428
7.3012
4.0230
7.2572
5.1922
7.4604
5.6452
5.0223
2.7202
4.4605
4.2662
7.6834
3.5002
6.4565
5.2311
7.1183
5.0985
6.3588
9.7564
2.4577
2.5828
4.4643
4.3296
1.1747
5.5152
6.6433
2.9861
1.9903
4.0221
3.3362
1.7158
6.1532
5.2531
9.2539
4.5498
3.2183
2.6397
1.7567
1.7721
3.1352
2.6788
5.1550
4.8542
8.8679
5.2053
4.6928
2.8595
2.8189
5.6867
5.8261
7.6241
2.8096
6.5608
2.7901
6.8400
4.6308
5.6122
5.6724
5.7612
7.0825
4.9755
3.8270
2.4046
8.8417
2.1931
4.4936
5.2249
6.0402
4.9301
7.2792
4.5860
5.7776
5.5714
4.4455
5.7942
6.9842
6.0353
2.2679
3.7213
10.6232
4.3672
3.1142
4.1257
1.5030
6.1747
2.5707
3.0255
6.7035
1.9100
2.1814
7.1892
5.3989
4.6950
8.4591
2.0892
4.9774
3.7523
2.4227
3.5961
5.0582
6.3098
4.2803
1.2858
5.7762
4.8234
6.0485
6.0817
8.9221
1.1050
7.4137
4.7029
7.1283
5.0587
4.4715
4.8507
4.3849
3.6002
7.1023
3.6651
3.5468
1.5885
5.7116
3.0408
2.9632
3.5163
7.4442
5.7869
4.8500
5.9197
4.8626
6.2983
7.4552
6.7088
0.0000
7.1695
5.3292
6.4908
1.7301
2.9334
2.0003
4.7253
1.8956
6.7825
5.0831
2.2607
7.6405
0.9170
4.2376
3.5138
5.7427
3.6761
5.3992
5.5701
6.4510
2.2337
4.6047
5.7337
1.7885
6.0271
2.9748
4.4906
7.8300
2.6194
7.1574
2.2141
5.7584
0.8134
9.9222
10.5197
6.4047
3.6589
3.8683
1.1575
2.9700
1.5364
3.5442
2.3088
6.8734
5.1216
1.1737
3.8214
6.4185
5.1043
3.5275
5.3761
6.3418
8.8014
3.6058
3.8286
4.3909
5.7750
4.7166
3.8156
2.2935
8.0222
3.3759
8.5058
8.5964
2.5652
1.0619
5.7332
2.7203
7.0419
7.9338
3.1992
8.2556
8.9236
7.4710
8.2723
0.0000
0.8280
4.5323
4.8256
6.5939
6.5726
6.7473
7.5645
5.8586
6.3103
4.8178
4.4055
7.4271
2.7021
7.8267
3.7108
4.0166
6.5444
6.8396
3.1095
6.2408
6.0397
1.2388
1.7437
4.5472
2.3337
2.0792
5.5534
4.5830
5.6745
3.8605
6.5771
2.3869
3.5834
7.0222
4.7882
6.8902
6.5421
5.7620
7.2338
5.7992
2.8249
2.2495
6.8704
2.0079
5.6250
4.9085
4.5287
2.2770
6.1171
7.5705
1.9683
3.3623
2.2128
6.5982
3.4480
7.8456
5.8811
4.6623
4.3421
6.0706
7.2744
5.4752
10.1296
5.5895
4.6271
5.1648
7.3041
5.8288
4.7394
6.5156
3.4810
2.3919
5.5299
3.4754
5.6189
3.6455
1.5810
5.3796
5.2868
6.4572
5.4125
5.3961
7.1324
2.8146
1.1036
4.0972
5.0465
8.2739
2.5952
4.0162
6.2717
0.3206
3.1970
3.3814
6.1317
8.7438
2.8169
4.9086
3.8442
1.5853
6.8504
6.6075
3.0443
4.2360
5.0512
6.6480
6.6057
2.3765
5.9989
6.3594
3.1316
2.0383
4.9445
3.3933
4.6287
0.7884
5.7894
4.2422
7.2607
2.7759
3.2441
6.2454
2.5997
6.2063
6.4384
2.0525
4.4352
6.7420
1.9526
4.4282
5.5171
3.9274
2.2808
4.9420
6.5761
8.0663
6.5656
6.5221
4.6401
5.9143
6.2154
6.8730
8.0541
7.5584
6.3354
7.1641
6.6221
0.9714
4.2667
8.0174
4.1694
6.5335
5.2066
6.5971
3.5345
4.9920
6.5057
5.0656
5.1101
7.1051
3.3172
3.8030
7.5117
7.7986
3.9780
2.7403
2.9655
6.6302
9.2307
9.6565
4.4975
2.9358
4.8501
4.5894
4.0951
4.3303
7.5181
6.0482
7.8172
2.9335
4.8046
5.2901
6.3333
2.2922
6.9105
5.1962
7.1306
5.7460
3.2966
10.5967
4.4627
4.2119
3.2378
5.8035
3.0002
9.8057
6.5269
3.3153
4.0782
7.8266
6.4860
3.9251
6.8931
4.1679
7.0201
5.2196
2.2991
5.8408
6.6149
5.1526
7.3930
4.2057
4.9658
6.5735
3.9503
4.7141
3.6763
5.5507
3.5049
5.3492
5.7617
4.7222
3.1184
6.5346
0.6282
4.5029
6.7368
2.8612
3.8248
5.5142
6.8574
5.5792
3.0869
3.9237
7.4586
6.5485
3.4820
2.8117
5.8105
3.4283
4.0703
8.9794
5.2652
6.5904
3.6253
9.4347
4.3207
7.7071
7.3091
6.6872
3.9782
1.1957
3.6379
7.0463
1.2783
4.3976
4.6561
7.3094
7.9488
7.8115
3.2259
6.1897
5.9035
3.9561
4.6458
4.4300
1.6432
1.6772
5.3454
7.2433
6.2455
2.9328
6.2421
6.6507
6.8465
1.7336
5.3673
6.0974
3.3944
5.3909
6.4525
4.7966
5.0099
5.6967
4.9343
5.4452
5.2271
4.5675
5.5536
6.9346
5.7581
6.3853
6.9175
2.7356
4.1363
0.0000
0.5746
4.4084
2.6945
1.1789
3.6665
6.9212
3.0130
7.9843
4.5984
3.7585
3.2960
5.4413
5.9961
4.5267
5.5217
2.5330
3.9181
6.2337
5.1370
3.6272
5.9611
3.5977
3.2584
5.4485
3.6074
3.7569
4.4557
5.9303
5.8974
7.0841
2.4567
4.0714
6.5812
4.4430
5.0168
4.2830
3.2412
2.2673
5.3791
6.2866
5.6477
1.6309
6.9872
1.5586
5.0646
8.0668
2.8097
3.9301
5.7523
5.8466
6.2476
1.5553
4.6504
6.0765
5.2295
7.3670
3.7248
4.5464
7.3521
5.6035
5.4128
4.8439
4.8338
7.1402
5.2911
9.5546
4.8411
7.4012
3.6374
6.3654
6.0252
5.0562
2.9562
5.9840
5.2453
5.0549
10.4026
7.8115
1.2908
3.9629
0.7961
4.7953
7.3947
6.5066
7.2590
5.9940
7.6488
7.0633
6.1142
7.0623
3.0224
6.4498
4.2051
1.6992
7.2772
1.9586
4.6232
6.4016
4.5175
3.0672
6.0053
9.6230
3.3887
4.8860
4.4459
4.2470
8.7954
3.1559
2.9565
2.9799
3.3765
3.3786
7.8290
5.3627
2.9968
5.9434
5.5004
2.7411
5.6487
4.7273
5.4189
5.8879
3.6839
4.3625
4.7749
3.5399
6.3709
5.3875
2.4469
3.7904
5.2034
2.4482
8.6815
4.5728
6.8857
4.0592
6.0709
3.6123
6.8951
2.3966
8.2535
3.1051
2.9034
8.8522
4.3267
4.3953
8.0693
1.7167
7.3094
4.8814
5.3618
4.5492
4.4813
7.6966
6.7782
3.7102
2.1496
5.8952
4.9277
3.9877
5.6318
5.1548
2.7666
5.6591
2.9185
2.7924
3.0843
6.2656
0.0000
4.5530
8.3624
8.2834
3.9089
3.3967
5.8694
5.0262
5.5886
5.9655
4.2129
1.8441
2.7417
3.9600
7.2828
5.9673
4.8760
6.3725
6.6546
1.9195
4.7204
3.6973
6.6489
7.1765
4.3806
7.2676
5.9777
3.8592
4.0072
8.4670
4.6851
5.5864
5.5853
10.1704
7.1034
5.4289
9.6316
4.9758
5.7243
6.0299
4.2622
4.2039
3.2160
5.1076
9.5226
4.7716
9.5215
3.9682
8.9752
5.9668
3.6919
6.7062
9.2088
4.2706
4.5610
1.5617
6.1109
0.0099
7.5819
3.3334
0.8064
2.1837
4.2605
1.9536
4.4859
2.8290
3.2607
3.6649
3.2313
5.2951
3.1817
6.5790
7.0269
6.4914
2.0987
1.9232
6.6532
6.3319
4.8969
5.4774
1.9641
6.8629
1.6983
3.4228
7.2515
5.0014
5.7889
6.4920
5.0616
3.3824
5.7858
4.2119
5.4100
3.2387
5.7043
8.6789
3.1093
5.9871
8.5915
4.9666
4.8543
5.4704
9.6573
8.8954
6.4811
2.3922
5.0003
2.7559
5.7347
4.9642
0.0000
9.2710
3.0482
6.9565
5.2223
7.8892
9.0687
3.4420
7.9231
3.9921
9.8799
5.2136
2.7928
6.0768
6.2531
4.5350
7.0374
4.8836
6.5283
6.9944
6.4503
4.5323
5.1610
8.1746
6.7830
3.9754
5.1743
3.8033
0.7375
5.5797
5.0940
1.9169
5.8406
9.2165
0.0153
4.2166
6.8462
2.2903
7.4633
3.0210
8.0820
4.3188
5.4395
6.2339
0.7692
5.9621
6.1467
6.6629
6.8891
2.8679
4.0973
8.5297
6.8295
4.5559
6.4191
5.1907
3.8460
5.8227
10.2842
2.8445
3.6802
8.5362
4.8930
9.5063
5.2756
2.6823
2.5453
2.6202
5.7486
6.2657
5.3098
4.7379
7.2748
6.7868
6.9266
2.5006
4.8153
6.6703
2.9628
5.9983
2.9040
6.0726
1.5957
2.8974
4.9951
10.6646
6.5580
3.5448
6.0577
5.4618
0.9148
4.3030
5.3756
4.5545
9.7046
4.5353
4.8522
3.0298
3.7624
7.5606
6.6873
7.9570
4.2293
6.7295
2.6402
2.9389
5.0107
8.5835
3.8666
2.8942
3.2904
6.2209
3.4901
5.3899
9.0127
7.8078
7.8316
5.7068
2.0928
4.8272
4.4789
3.6356
4.7292
5.4667
3.4578
4.5756
3.1404
2.2542
2.8023
5.4853
7.3694
6.0656
4.2082
4.6642
5.2595
3.2549
4.1934
5.0502
5.9140
6.4018
5.1698
5.3871
8.8031
5.3867
3.5756
4.9593
3.5779
5.4438
2.7695
5.3927
5.2425
8.6105
6.5972
4.3424
6.1413
5.1053
4.0455
5.2766
3.0222
4.8383
4.5698
3.8179
3.7118
4.5776
4.3575
5.2497
3.4116
5.2991
4.8829
6.1289
4.3189
8.3772
8.9574
7.1879
7.6591
5.7808
2.8411
5.5079
4.9581
5.0923
2.2494
7.1981
0.8610
1.5763
2.7408
7.3480
5.9175
6.0942
4.9841
5.2701
2.3252
7.5141
3.4258
7.2855
6.0782
4.3747
3.3162
6.5542
7.7029
8.7144
8.1682
5.4941
6.8337
4.9062
4.6885
3.2000
3.7537
3.0084
5.9164
6.0375
5.4621
3.4994
8.4565
6.0770
3.1644
5.6743
6.2754
6.6872
4.3242
3.5984
3.5781
6.2640
7.5538
3.8800
4.9453
4.6857
2.3623
7.0322
5.9863
6.4597
5.3122
5.8201
6.4365
10.3438
2.6795
7.1587
7.1220
3.0381
5.3744
4.3521
2.2351
3.5772
7.1922
4.8632
1.2508
1.2605
5.6120
8.3953
9.3566
7.2512
7.1529
5.1703
2.8492
8.8209
2.9617
6.7308
2.7398
4.4333
4.2348
3.2664
2.1769
6.3586
3.6512
6.3011
2.9214
6.0383
3.5117
5.9844
2.7118
6.4826
1.8225
3.4188
2.5921
3.3877
3.6737
3.7077
4.6934
4.7175
4.8732
3.5288
9.9917
8.3321
5.4721
4.1658
5.6098
4.8056
4.7435
5.4526
7.3881
4.7123
9.7051
5.4313
3.3273
4.5322
6.1653
3.5852
4.5961
7.2350
4.1587
2.9053
2.9177
7.0643
6.9706
3.3642
3.4831
6.6247
3.7698
3.7231
2.6848
2.3492
4.4501
2.3762
0.6966
5.3337
1.4520
4.6728
6.9233
4.2042
6.2386
4.7435
5.4788
5.0414
5.2149
4.1496
7.5522
3.7362
5.9801
3.4496
6.7502
2.6682
5.3622
5.9581
5.4766
4.4919
3.4715
6.2410
5.3174
2.9635
5.1609
5.9167
4.0476
6.6833
4.0190
2.9616
5.3433
8.7256
4.6707
4.5848
6.3454
3.6242
5.6585
4.9863
4.6524
5.3024
6.3902
4.4669
4.9266
3.7611
4.0222
0.8176
2.6645
7.0454
8.6103
2.0078
6.3216
2.5712
3.6835
5.9968
6.3734
8.0212
3.1341
8.5547
6.1437
4.9690
4.4812
3.1976
2.6429
5.8951
1.8950
7.2850
3.5079
2.1131
4.8802
3.7498
6.3846
3.5294
2.4760
4.3329
4.3789
9.4442
4.9237
6.5974
7.6886
5.2881
5.1023
3.4835
5.8340
6.1731
5.1478
2.6535
3.3812
4.3210
4.2311
0.9963
4.7667
5.7413
8.1267
6.1312
3.6610
4.6343
6.0371
4.4945
6.4122
4.5381
5.2595
7.9477
7.0138
3.1498
4.8239
1.4640
8.4884
4.1342
5.9763
6.5456
7.5113
1.8377
5.7425
8.9230
4.3522
3.3946
2.2851
5.7743
7.2069
0.4611
4.7747
1.8082
2.8220
2.5052
6.5390
5.7479
5.0338
4.6365
5.4448
5.7474
6.3261
8.4169
3.3605
3.1483
6.4263
8.4664
6.0308
3.2853
6.5027
6.3119
8.0086
1.2418
5.4123
6.4255
4.1742
8.2125
5.5630
2.6719
6.1635
3.6131
3.3909
4.2701
3.3257
5.3637
6.7346
5.6551
4.1000
3.4933
6.4671
8.3346
6.3068
5.9908
10.5687
3.9146
1.9321
6.6639
5.3897
4.7828
3.4789
1.8915
5.4503
7.1136
6.7385
2.6100
3.4651
6.1937
1.4119
5.6918
5.8583
5.4814
4.0932
6.9254
5.9266
7.0305
7.4229
3.7527
5.3228
4.8926
3.5584
5.5678
3.6886
8.5079
6.2943
5.3886
6.7155
7.7488
3.0962
5.1577
3.6051
4.1893
7.2335
7.5098
3.6686
1.9325
4.3022
4.6746
7.7100
4.2243
7.2358
5.1051
1.7376
6.2579
2.0158
3.9462
3.6349
4.9809
6.9644
3.3793
2.9186
3.2570
6.2410
6.1924
3.0541
6.2813
3.9348
8.3602
5.4743
5.3342
5.2339
6.1640
6.5885
9.0846
2.9044
6.0612
7.3253
7.2602
2.6967
5.6386
2.6452
2.8806
8.0089
6.5968
1.4188
9.7941
3.8695
1.3701
5.9863
6.0772
4.8381
7.8412
3.5545
4.4741
4.3866
10.3019
4.8163
3.4155
6.4829
5.0924
6.0441
5.2046
4.9854
5.8771
4.7267
7.1804
7.5287
4.6101
6.6590
4.2369
5.4295
4.3418
5.8075
6.2428
6.5548
3.5555
3.8462
1.7977
3.4840
4.3289
8.0508
4.2711
3.6938
7.8384
5.8582
6.4130
4.0032
5.5585
8.4164
2.8568
2.1444
2.7660
5.8293
3.2708
5.4975
4.7231
1.4875
3.1950
2.7030
5.7615
4.1950
7.0477
4.6714
4.8878
5.5496
5.2090
5.2397
8.0029
5.1174
5.2015
2.4696
5.1000
4.4128
5.5404
7.8800
4.5984
4.8669
3.8963
5.7023
6.2760
5.6867
5.2805
3.9394
5.7981
7.7935
3.5601
3.8071
2.9454
8.4622
2.1432
1.8467
8.4999
7.3256
3.6370
2.0523
7.0740
8.6403
7.5358
1.4565
3.6291
5.5855
7.5930
5.9701
7.8499
4.6702
4.6478
5.7205
6.2463
6.2358
6.8958
6.9867
3.9077
5.8796
3.5109
5.6500
4.2295
5.2416
4.8560
7.6234
8.5470
5.4823
3.8770
5.1563
3.9955
7.0131
4.1730
3.8388
2.4139
2.3024
1.1555
8.5348
4.8878
5.6995
3.3565
3.0817
4.5173
3.2176
6.3160
3.1279
5.3315
5.0827
10.5759
3.1925
2.6921
5.8859
5.3526
5.6829
6.0690
6.7119
6.8459
3.1885
6.7108
4.0925
2.3085
8.8496
6.9195
5.0224
8.2511
5.4362
3.2363
6.1814
5.5226
4.1628
3.4544
3.7123
3.7915
5.1597
6.0282
3.5061
3.9290
11.1653
6.4009
5.9029
2.7814
4.3347
4.8995
6.4242
7.0375
10.4835
2.0142
7.9365
1.4397
4.4713
3.7629
5.0219
3.5427
5.2943
4.7740
4.4564
5.0516
2.7654
8.2695
5.2860
7.8221
5.3306
6.8162
7.0389
5.0207
8.1513
4.9837
0.8028
9.8145
3.8694
4.1995
6.1520
5.6213
0.4179
5.3574
4.6427
3.8803
0.9816
8.7426
3.6290
4.8446
6.0601
6.5440
3.1412
4.1996
5.9137
5.2515
4.0914
2.0490
7.2309
8.5306
8.3005
5.4332
2.9480
5.7975
4.3073
4.5115
6.1875
3.7908
3.3038
5.8483
5.0791
1.3007
8.9291
7.4811
3.3904
3.6030
7.4839
2.3917
10.2449
4.9437
6.4232
5.3527
5.6458
4.7203
8.4218
3.7892
3.9105
4.9807
4.7531
6.5537
1.7357
4.0078
5.0067
2.2611
3.7756
5.6490
6.6094
4.6803
8.4355
5.3164
4.0338
4.2067
4.9758
9.0031
4.1738
6.2078
4.9244
4.9237
4.9526
0.4857
4.5605
5.1061
3.6486
4.6934
5.3850
5.0178
4.5142
5.6674
5.5366
7.6192
5.2347
4.8599
6.3503
5.4706
1.4265
5.7633
3.1010
6.1033
3.3599
1.0159
7.4082
4.3869
8.0280
4.3720
3.8423
8.4732
4.9374
7.6033
3.2549
3.9386
2.8817
4.7771
3.1937
9.5653
6.5534
5.0734
3.9946
7.0040
6.4957
4.6122
4.6370
3.7524
6.7997
8.2472
4.8010
6.6613
10.1300
4.9334
2.3932
1.4989
9.8003
3.1782
3.3038
4.4290
4.9818
3.9189
4.0425
7.5624
6.6983
6.6422
2.0295
3.3684
7.9977
3.0840
5.6190
5.5297
6.4154
7.1207
4.1293
6.9461
7.4599
5.4168
3.6976
5.5928
4.4931
7.6471
4.9103
3.5117
2.6621
5.3601
4.6601
6.5192
3.3100
7.0752
2.2174
5.0775
2.6359
5.9788
6.7082
6.8868
7.5391
6.3742
1.4627
6.8115
5.3181
3.9477
2.6302
7.3314
3.6454
2.4555
7.2268
3.8587
5.8437
2.6835
5.5800
7.5238
3.3926
4.1564
5.2675
4.4802
3.6318
9.3466
4.3420
5.1360
1.6807
7.6098
2.9123
5.7461
7.5241
6.3281
5.8850
0.8129
5.1303
7.5294
7.2991
5.8930
5.5559
3.3980
5.6474
4.4557
7.8180
5.3801
4.7677
3.5894
6.5199
3.5492
5.0734
4.0054
3.3722
4.3428
3.6099
1.8820
4.6919
5.5124
6.3805
5.6976
3.0355
6.5723
3.7168
2.4427
4.8766
5.5700
5.2698
6.8287
7.1677
5.0484
3.8384
4.5978
5.4336
7.4546
1.4399
4.6904
2.6330
7.2228
6.5160
3.6092
8.4820
8.9303
2.1663
3.8144
3.5708
3.1994
5.0479
3.9973
6.3857
4.2812
6.4122
3.5039
5.3907
5.2364
3.0065
4.3889
2.4560
1.5335
7.0558
5.0042
7.3614
1.5342
7.0891
2.8730
1.5262
6.6035
2.9965
5.7171
5.2431
5.6632
7.0341
6.5399
7.4929
7.0958
4.2459
5.8420
8.9776
4.2395
5.2433
2.4848
6.7688
7.4604
6.4367
2.4685
6.9030
6.2725
7.5518
7.0158
4.4227
7.8362
4.9792
7.0727
3.1198
1.2044
6.8249
2.8345
2.9801
5.6286
4.6312
9.3835
3.0620
6.4232
7.0569
6.7765
4.6696
4.4613
6.9633
4.5801
5.6049
7.3931
3.9058
2.9658
4.8955
8.5924
6.4874
1.9292
5.3101
6.8102
8.2466
7.6305
5.0083
9.0752
4.0449
5.1293
5.7419
3.2094
4.3765
5.3307
1.7569
6.8237
4.4023
4.2398
4.5257
4.9970
8.2969
1.7296
5.7309
0.9211
7.0438
5.8570
5.5580
7.8304
6.4252
5.4196
1.3799
4.5973
4.5029
6.9590
5.4357
3.9252
5.0851
5.2782
6.4427
5.3480
5.1554
7.6947
4.4520
4.3659
0.8597
5.2405
3.3381
4.0246
3.3399
4.2927
6.8266
2.9127
5.2800
5.3144
2.6106
3.3041
6.0804
5.6592
6.6314
5.0213
3.6681
4.0457
6.3250
8.4320
3.3935
3.9216
6.0183
3.8979
1.7331
5.5811
4.5898
3.0757
2.3542
5.8232
5.7602
4.1919
5.2728
4.5159
5.6493
10.3149
6.9145
1.7167
6.9779
1.8129
4.6181
3.8186
6.3667
5.8089
0.6701
1.8250
6.0187
4.9051
6.9796
3.4103
4.6250
0.0000
10.8274
1.2300
5.6585
5.5280
4.4588
5.0643
2.5096
7.5040
5.4893
4.4544
2.0225
8.9866
8.9923
1.9406
7.0540
5.9262
3.0255
1.8251
3.8687
5.7346
4.3704
5.3101
2.0646
5.1321
3.7914
4.3330
3.0937
5.4649
6.1377
6.4570
4.7011
5.0449
5.2857
1.9271
0.2797
5.1610
2.4010
6.8811
5.0012
10.5551
8.4006
7.6707
4.4635
3.4450
6.7427
2.5202
6.2651
5.8063
5.9380
0.2042
7.6909
6.6642
6.9307
4.9490
4.1074
7.1502
8.2794
4.7001
2.2454
5.6027
7.7758
4.6200
3.0812
4.2224
9.0694
8.0999
2.2945
9.0774
5.3751
2.7567
2.0184
3.7685
6.1178
4.2481
2.8145
10.4552
8.6879
1.3225
7.0651
7.5576
5.6743
2.3516
5.9592
7.0006
5.7507
6.4696
5.6767
7.5763
8.7788
3.4983
0.3840
5.3833
2.5034
4.5237
4.9875
3.2509
3.8858
4.1716
2.5012
1.1230
4.0960
4.9383
6.2592
7.1837
5.6896
4.3216
4.4455
5.4819
8.1416
7.9403
4.8971
5.4218
2.3746
5.8169
5.8926
3.7572
2.6772
4.1863
6.2998
1.6132
5.7063
3.4881
5.4656
4.7453
5.6221
3.4052
5.4844
2.8300
7.5301
5.9601
4.0133
3.4846
4.3427
9.0200
4.7163
5.3014
6.9424
4.6399
6.2721
5.7326
7.2784
3.6552
8.6786
4.9576
4.6674
0.2264
6.0159
5.3769
6.0553
7.0568
7.5214
4.9865
4.4391
5.1502
6.0438
2.2447
8.8913
7.1725
3.1646
8.6094
4.5828
7.7351
2.2541
3.9322
2.8005
9.4800
3.4000
1.2794
2.5051
3.8870
7.0694
0.0000
6.6572
7.9556
4.1959
1.6733
5.7332
8.2902
3.4849
4.9859
6.5835
5.1912
2.1754
0.9552
10.1044
3.3814
5.1830
5.6891
4.3544
4.6814
3.0263
4.4357
5.2492
3.9550
4.5566
6.0982
7.2729
1.8095
8.6123
5.3465
5.3929
4.5458
6.1255
5.2704
6.1682
3.1100
9.0542
7.3859
5.8925
3.2969
3.5180
4.2779
5.2162
3.9171
3.9610
1.3317
2.8664
4.2332
6.1917
4.7493
5.3381
6.3396
4.0811
4.8151
6.4469
5.6230
9.7388
7.6936
6.7530
7.4912
4.0181
3.7819
4.4063
6.0953
5.2979
7.9738
4.8813
1.4031
5.1241
5.5444
6.6007
6.6192
2.4565
4.6666
1.9510
5.3858
7.8921
5.1156
3.4312
7.4637
6.0541
3.5262
2.9649
5.8346
4.4115
7.7737
4.1963
8.1129
5.5028
3.0051
5.7830
7.3341
3.4183
5.1280
6.8049
4.6114
5.5894
6.3757
5.4027
5.2602
3.6188
3.2231
4.7850
3.0469
3.0595
4.8228
6.3529
5.0116
5.3925
9.5097
4.6057
6.6742
4.6251
3.0321
5.0293
3.1303
6.4932
7.5716
2.3754
5.0360
3.8296
3.9476
4.6817
0.0000
4.1517
3.1100
6.4493
3.8467
5.8491
5.9379
2.5660
2.0100
7.2031
5.9790
7.2362
4.8337
2.7170
3.7041
5.6209
2.2936
5.5420
3.9690
7.7321
6.2933
6.7643
8.9102
2.1903
7.0637
7.1119
7.6502
2.7314
5.6673
3.0638
5.6192
3.7935
1.1975
5.2985
5.8174
3.3591
2.3436
4.0823
4.4608
5.6877
6.2030
3.8479
4.1798
7.6808
3.7798
3.7062
5.1318
8.1619
7.4278
4.0019
4.0873
5.3179
6.3138
1.9210
6.1289
2.4635
8.1021
8.0025
4.4872
3.5677
4.9140
6.5886
4.0774
1.6337
2.2535
3.0284
5.4367
8.9938
6.6446
3.9509
6.9349
11.4532
3.3809
3.7282
2.8398
4.5554
7.9301
5.7279
5.2050
4.5998
5.8822
4.6638
6.4776
4.9476
5.2934
5.5175
6.0665
4.7907
7.2823
7.1049
6.4866
3.7825
3.1578
2.3442
3.2325
8.0484
4.8250
5.6948
10.6260
3.8452
4.0115
6.0127
7.2647
2.9778
3.4072
5.7871
6.6036
4.1556
5.6955
8.2403
2.7456
3.4484
3.1683
3.9114
7.9433
2.1078
3.1443
2.8863
2.9172
7.2080
1.6565
6.2582
7.3581
4.0825
6.2039
6.6636
4.1085
3.9194
6.6551
6.2048
6.7077
4.4762
4.7360
4.9425
7.1961
0.0000
5.5682
6.9095
6.3216
5.6215
5.0650
0.1355
5.2854
5.7347
4.5067
1.8083
4.9773
6.9996
4.9665
3.4296
4.5647
8.9470
9.0555
7.2088
9.3546
2.3549
4.6549
6.3067
6.2227
7.6027
5.3245
3.5375
5.6671
3.8118
7.0431
6.2949
3.7820
4.4330
8.3467
7.5258
4.1237
3.4645
2.4405
5.7643
6.7192
4.3589
4.7521
2.6065
4.8683
4.3823
4.7183
3.1477
6.8930
3.3927
6.3284
8.3120
5.5843
9.0599
5.5826
4.8367
3.3918
4.1069
8.0434
4.6353
6.6379
9.0790
4.6774
5.5068
5.1593
0.6171
5.1674
4.0955
5.5398
3.7378
5.8586
6.4443
6.0878
4.0310
3.2642
5.4739
4.1449
4.2575
9.3473
6.9598
4.2057
3.3365
2.2712
3.6221
10.1357
3.4983
2.7447
4.1282
2.1853
8.7723
4.3319
5.2831
2.0436
8.2976
4.7172
4.7810
2.2424
4.5909
8.7470
3.4958
1.7050
4.4109
3.5961
2.3969
3.5661
3.0956
2.9058
8.8467
0.0000
3.5445
9.5956
8.2627
8.7731
5.7214
3.2656
4.7126
0.9076
4.5473
7.1532
5.5684
4.2285
1.9492
4.8500
9.1218
3.0804
9.2767
4.1450
6.4909
4.0332
3.6359
2.8235
2.6728
8.2810
3.1876
5.8417
5.8925
3.9254
5.3306
3.7470
5.2695
7.9510
9.1584
4.0536
3.6684
3.9928
1.6430
4.2965
2.3026
3.1140
5.3689
3.9549
6.6281
4.8078
4.3104
4.5333
3.4819
7.3457
0.0000
1.8663
5.7232
6.1814
3.2984
5.4183
6.4998
4.0364
3.5183
5.5608
7.1433
8.7776
1.9759
6.7243
8.1249
4.7710
1.8871
4.3260
8.6799
2.7083
7.2220
2.8698
3.8177
6.8256
4.3421
2.9445
8.4747
6.1154
5.4758
4.2414
6.1954
6.3154
6.4211
2.6459
4.5673
6.0119
3.9686
4.3530
3.7466
5.0300
3.7736
2.9509
2.4895
6.4508
5.7349
2.4947
3.8828
7.3443
3.7242
5.3269
0.6163
2.7147
4.6923
4.8820
6.8990
1.0870
7.3427
5.1860
5.1998
4.8240
2.6437
4.2363
4.3378
4.8974
1.7870
4.1804
2.3911
1.0464
6.0754
8.2204
7.0392
2.6629
4.5350
5.9349
4.5922
5.8029
2.7112
5.6822
5.4503
3.7473
2.4456
2.6832
4.8436
5.1662
1.7973
9.1317
6.0194
4.0602
4.8454
5.1720
4.4903
9.6302
4.2246
3.5246
5.5001
4.8125
6.6372
5.2064
6.0148
6.4669
1.8337
6.5216
4.2672
8.8970
4.0074
6.5091
5.3037
6.2548
9.8872
6.2533
5.2395
8.0837
5.3022
3.1614
5.6991
3.2665
5.8565
9.4369
6.1851
7.5915
0.3847
7.1434
1.7186
6.6565
4.7917
7.3135
4.5912
0.9342
3.0855
9.3157
8.6180
6.0012
4.6789
8.4830
2.1664
4.5774
0.8657
7.8796
5.4073
5.8758
5.7865
3.4925
3.7330
4.5884
6.9339
3.7218
6.6771
5.2897
6.8823
2.7098
4.7715
4.0389
4.6795
3.7127
5.3223
2.7279
3.1247
5.8614
5.1734
8.4535
2.0938
2.4617
6.0644
4.6998
6.5917
5.7030
0.9751
5.0198
8.7273
5.6443
6.4001
7.1042
6.3625
6.2689
4.9440
4.8542
6.2354
6.2948
6.1005
4.1978
5.0100
2.4189
3.2525
5.2171
4.2221
6.8474
5.5503
5.9072
3.9459
3.6821
3.9048
2.6762
4.3498
2.2716
2.5345
8.2649
6.4134
5.9002
7.5384
6.7910
5.0335
6.0577
6.6592
6.2510
5.4497
6.6595
7.3593
4.9615
1.3241
0.0000
3.4402
3.9977
3.8764
6.5379
3.6634
5.5323
5.2676
1.4065
1.0189
4.9719
9.1869
6.6953
0.0000
3.1751
1.2609
3.3346
4.2497
4.8705
2.9249
5.5673
5.5682
4.7689
3.2425
5.6901
5.9332
6.6541
8.0436
6.4502
4.4526
4.5571
9.3967
1.4704
2.8590
6.3712
4.2365
3.6688
6.0346
5.7689
7.3402
6.9128
7.1864
5.4114
8.9107
3.9821
9.5285
4.5400
3.6865
3.5150
2.3749
7.2164
5.8830
3.7968
6.4479
6.2723
6.8481
4.9912
6.2603
6.9907
3.8897
5.7524
6.7075
5.4923
3.8554
5.7493
4.2842
2.9231
7.5647
4.2365
4.1376
8.1066
8.3605
8.2547
7.7249
4.1621
7.4250
4.5385
7.0811
5.3883
0.9787
6.5913
4.6420
3.8427
7.3486
3.6145
4.7079
1.4329
5.0421
6.3875
0.1536
2.4982
2.7753
6.6108
4.6446
7.3313
1.2051
3.4691
4.9004
7.1735
6.9645
4.2488
2.3324
4.4675
2.4185
5.4280
0.8294
5.4248
5.2194
5.1776
6.0005
6.3410
2.9127
9.2228
5.9151
1.7167
3.1277
4.5548
3.2490
4.8224
7.0822
6.3261
7.1650
8.4903
2.5885
4.2905
2.2537
11.3355
3.5975
5.6705
3.9632
5.7326
6.5564
4.3570
3.3973
3.6402
3.1742
4.9848
4.6230
4.4163
7.6425
5.5265
4.3847
4.9726
5.5996
5.3427
6.0033
9.3748
4.4323
4.6886
5.9032
6.9503
6.2776
3.2873
3.5911
6.9279
3.8753
1.4666
5.9206
4.0807
6.5824
5.0226
6.5756
4.0619
7.4566
6.5520
1.7568
5.5722
8.2523
4.3466
5.2861
5.0720
4.4527
6.4789
2.3711
6.4554
4.4526
6.2193
4.9429
7.7040
6.5194
6.4612
3.5836
5.2163
4.3495
4.2617
5.9921
2.6071
2.3431
7.6170
5.3854
1.3970
3.7147
4.7487
7.3189
4.4033
2.2619
5.9936
5.6960
1.8231
4.0494
9.0396
8.8248
3.8526
4.8727
4.9769
9.1330
5.7679
2.4779
3.3788
5.5720
3.1403
5.1637
6.4122
7.9604
8.1643
7.4702
1.2414
3.6124
9.2184
3.9825
3.2528
4.1700
4.9418
7.4918
4.3171
6.2282
7.9939
6.7949
2.7658
5.5743
0.2087
4.4789
5.7931
4.4853
7.6179
4.4671
8.4610
6.2674
6.9385
4.8683
5.2812
3.9410
3.9298
6.6861
3.9294
3.8875
6.7928
6.2691
6.9934
3.3435
7.5103
2.5849
5.5257
1.6426
6.4047
7.1347
6.6011
2.0701
1.3643
5.9305
6.0445
2.1358
3.5363
4.2949
4.5087
6.1055
3.5974
3.5893
6.6729
5.7921
6.2877
5.5795
4.6724
5.9567
7.2272
9.0426
4.0365
6.0813
0.0000
0.6262
4.2680
3.6669
7.6696
6.8027
5.4916
1.9536
9.4577
5.9083
4.6510
6.6027
1.5347
6.3344
1.8221
8.5508
6.1146
4.3488
8.5886
3.9641
3.9819
6.6569
9.8789
3.7846
6.8922
4.1763
3.2232
4.6476
3.4643
5.3682
1.7703
3.8951
1.9347
6.6365
5.4523
3.0197
6.7292
3.5493
3.6455
4.8572
0.4642
1.6387
4.9757
3.8651
6.2992
9.2964
4.6392
6.9011
3.1655
5.5309
5.2930
9.6382
10.6178
6.6831
6.5982
6.4091
3.6009
1.8796
4.4760
5.2541
5.7126
3.0257
3.8853
3.8039
6.0227
1.6733
4.2884
5.2950
10.0659
4.1099
6.4061
5.1561
2.2734
5.2221
5.0258
4.5097
4.2188
3.9468
3.2522
2.9083
8.6021
5.3960
7.0716
3.5033
4.0724
4.4280
4.7278
4.1090
6.0712
5.6506
5.4028
4.2209
3.9177
5.2859
3.6072
4.5407
3.7791
3.4262
4.7545
4.2456
9.6309
2.8749
4.1302
6.1350
5.5688
6.1709
4.6973
6.3776
6.7683
4.4164
5.9451
4.2937
6.1158
4.9980
7.3025
4.5516
5.4377
3.6457
4.8298
6.9322
5.5819
6.8368
3.0572
2.8895
3.9826
4.1520
7.3097
2.5263
3.4661
4.8464
8.1824
6.2746
6.9572
3.3354
4.1872
1.7471
5.5219
5.9631
2.6974
6.1433
2.1044
3.9268
2.0171
4.5180
7.8947
0.8339
6.4044
0.1292
4.0184
3.4341
8.6587
7.8911
4.8571
6.0579
5.7003
5.1743
4.2986
2.5384
5.4879
3.6662
2.6296
3.8302
1.8365
5.1073
2.2589
3.8912
1.6133
4.8593
6.7902
3.4547
8.5671
3.4098
8.1175
5.0078
7.8821
4.6352
3.7543
3.4926
5.1842
6.4819
5.2040
5.8668
6.7499
3.8229
5.4677
0.9923
6.7498
6.7721
5.1503
3.0999
5.9617
6.4849
6.6469
2.6418
1.6515
4.1668
4.0167
5.0945
4.1604
4.9941
4.7280
3.8589
2.4641
5.6742
7.1381
3.0800
6.0130
2.3977
6.8059
6.3901
5.5710
2.3236
6.4159
4.3499
7.5754
6.4096
4.2850
5.8834
7.4864
7.5558
5.0744
0.0000
2.2056
4.3715
3.6618
2.1819
5.7120
6.4904
5.7989
4.4960
5.1648
8.9240
5.6440
5.2508
7.8766
4.4164
5.0241
4.8496
4.7639
6.4338
3.6931
5.6839
3.6992
1.8756
5.1555
8.4032
6.8271
1.5144
5.4818
4.6193
7.2171
3.0370
3.6022
7.8916
7.9369
2.5805
5.0288
2.6391
5.8831
8.0486
8.3429
3.5730
3.6147
8.2025
4.2697
9.0722
6.5495
4.8950
2.1684
4.0796
6.4833
2.5954
5.3980
5.1078
3.8935
5.5290
2.1790
6.5141
6.6364
8.2417
4.8080
2.2677
5.0263
1.4115
3.7587
3.5313
6.4542
4.8689
1.8933
7.3678
2.0018
3.6051
3.6017
5.1193
5.5010
4.0862
0.8916
5.5514
5.9432
5.1919
4.9227
5.8410
3.0837
5.0739
6.9007
3.5876
3.7315
6.3766
7.1679
7.9008
4.1827
4.4054
5.6964
4.2461
7.1965
5.0117
5.9539
9.4509
6.1025
4.3752
3.9386
3.8982
2.2685
4.4467
4.9702
7.0293
6.8746
3.8734
8.4762
3.2503
6.8494
3.8208
5.5227
6.6448
5.8723
4.5552
5.5370
6.7790
5.2743
3.3434
3.5859
5.4990
6.5957
3.6378
2.4088
5.6111
4.9462
3.9434
5.9147
8.3385
7.8405
4.1523
5.9031
5.7444
4.9993
5.7522
4.7115
2.8399
2.2648
2.5766
6.3134
8.5166
6.4991
7.7572
4.5976
4.0259
6.1470
9.3935
6.7426
3.8960
7.1344
3.0620
4.7092
3.3814
4.1707
6.0278
7.5563
2.4692
4.5155
5.7348
7.2675
1.6622
4.8434
6.6803
4.8126
5.3564
5.9369
4.2512
5.1086
3.6222
3.4022
6.1021
4.1137
4.3970
5.3614
1.0983
5.0136
6.7689
3.2327
6.5585
1.2938
2.0334
8.1124
3.8968
7.3141
1.4499
7.2016
2.9176
2.2828
7.4356
2.8463
6.9803
5.4857
4.1569
5.5319
4.6929
4.5526
5.2750
7.1387
3.2110
4.6022
5.8542
8.5865
3.4525
0.0000
7.0137
4.5837
6.1159
5.4389
2.4694
5.0708
2.1673
4.9932
4.9523
3.2301
2.9644
7.0854
6.2169
7.7900
4.5361
3.3660
7.4753
4.4089
2.8057
0.0000
5.2988
4.3506
2.2303
5.9431
3.8125
4.8288
2.5716
6.3581
3.5421
5.2563
3.3530
6.8555
8.6712
2.7933
8.1712
2.7908
6.0906
6.2282
5.3913
5.0369
5.0981
5.5728
6.3770
2.7703
3.9535
3.9476
5.9364
5.8711
3.0884
3.5879
3.6004
9.5886
1.8088
1.8460
5.1467
5.1564
5.7075
4.7411
5.7742
2.9667
3.2453
2.4086
3.4923
3.0340
8.8712
3.7860
6.9900
3.1691
3.2343
2.5243
5.1491
3.7875
2.1967
2.7669
4.1592
0.0000
8.4451
6.2816
4.9538
1.5546
6.5246
4.5442
5.7021
4.4983
5.2634
6.2276
4.8848
5.3818
7.5821
6.2022
6.3873
7.4669
4.7792
5.9624
7.4389
3.4856
6.5409
3.8654
6.7006
4.8644
2.2741
4.1700
3.9378
8.8952
6.7486
4.9528
1.3869
7.4587
2.9057
0.8842
6.2780
4.6235
4.2123
3.2815
6.0676
7.8139
5.1736
3.2344
4.4961
5.1302
6.2387
8.4547
8.1794
2.8925
4.9607
5.6915
3.2499
5.9650
7.1216
1.8021
8.3774
3.3624
4.5333
5.6433
4.1583
8.6830
5.6161
6.1268
4.0499
5.7392
4.0112
4.1494
5.2880
8.6551
8.9121
5.6441
5.7013
7.9447
5.0817
4.6258
6.8755
2.3755
6.5750
8.3207
9.1466
7.5123
3.9335
6.9404
7.7680
4.3169
6.3269
4.0637
5.2658
1.9242
4.1420
6.8421
2.8492
3.7352
2.9603
4.0132
4.7795
4.8392
5.1880
2.3866
6.8347
5.7826
12.8055
3.5414
3.4866
3.8671
0.0000
5.6288
7.0526
5.9644
5.3348
7.4073
3.7401
11.0466
7.7338
3.5934
5.5039
4.4269
5.7371
4.3490
5.5057
4.9786
4.1584
4.2696
9.4002
0.8258
4.1204
7.5900
4.0575
5.0537
5.9037
5.1330
3.8920
0.0000
3.7861
5.8843
5.0268
4.2017
5.2401
7.3533
4.0942
5.3113
6.2457
5.1649
4.1205
3.3746
4.0485
4.9235
4.0266
4.5302
2.6977
4.7167
5.0718
6.3438
3.4300
6.1092
4.7833
6.4470
5.1549
5.7294
6.3809
7.2414
6.3207
6.9906
6.9820
2.1610
5.4244
4.1096
2.0569
4.8946
7.7499
7.1474
6.3070
1.3090
3.8614
10.2096
5.9135
4.5980
3.9514
3.7685
3.9730
5.4896
3.5370
2.4190
3.2903
3.2832
3.6860
5.3091
6.4546
4.6712
3.1780
5.1129
3.5446
6.2039
3.5293
1.1562
2.1736
5.5126
7.2188
5.5844
5.3623
7.6904
2.9710
4.3291
4.3973
3.3104
4.8679
7.3251
1.9045
3.9759
6.1980
7.6409
4.4488
4.8986
6.0326
6.0620
2.3845
4.7391
0.6655
1.1910
6.2767
7.1700
5.3389
6.0045
3.8921
3.0553
4.1288
6.1090
3.2567
4.6531
6.6343
5.1900
7.4173
5.2059
7.0843
5.8205
5.1735
1.5344
0.1178
6.3333
2.5682
2.3845
6.4328
6.2027
6.0032
7.1782
3.3879
5.6949
6.1465
3.7786
8.4479
5.3462
1.6292
6.2059
6.3490
3.8680
7.6760
4.7113
6.4223
6.6185
5.0088
8.8017
4.2258
5.9483
5.9677
5.6994
6.9721
3.1355
5.6659
4.0509
6.3577
4.1264
6.3257
6.5339
7.7119
3.5527
6.1491
3.4061
7.2825
6.9753
4.2631
2.9898
2.1291
5.5128
5.2327
3.0883
5.2329
3.0870
6.1149
3.5028
3.1404
0.0000
5.3008
3.0287
6.1089
5.7665
2.0202
5.4485
5.0438
4.4249
7.0516
5.7696
1.2195
5.9326
5.9958
4.1688
5.0909
3.6561
1.7817
5.1791
4.5808
1.8933
1.8910
5.6099
0.3778
3.2404
5.8525
3.4402
5.6954
6.6890
6.0779
3.4127
10.1237
5.0354
1.7764
6.8488
4.5142
1.9279
4.2667
3.7441
4.2079
3.7936
3.1026
9.2677
5.6113
5.6151
2.0387
3.5327
3.7287
2.0951
8.0877
3.6575
9.5627
4.0232
6.5683
10.1952
3.9086
2.6497
5.4736
3.8223
2.3801
6.1252
6.0766
4.1365
5.8420
6.7096
5.5428
3.6032
6.2466
3.3388
7.2005
6.6604
4.7041
5.1959
6.7089
6.1239
6.1005
4.5069
8.2652
2.9401
8.4735
8.4488
6.1931
4.1626
3.7896
6.2998
5.3711
5.4497
7.1228
4.1439
5.3190
4.5645
4.4574
6.3068
8.5827
4.9919
3.0804
5.3432
4.7461
2.6335
6.8177
6.2219
5.8204
3.8089
5.6464
4.7196
6.7244
1.1201
2.3058
8.0475
6.6617
7.5997
4.6485
5.0854
5.8253
3.4553
3.4150
4.7360
4.2648
5.4699
5.9699
0.0000
4.8558
3.7468
6.4945
6.2336
3.5800
8.2549
3.4885
5.0726
3.5335
4.9807
7.4986
4.1087
7.3111
8.1654
5.7608
4.6338
5.5276
8.3191
3.0647
4.4217
8.0478
2.1564
2.5038
9.3417
3.4596
5.1351
3.0117
6.6448
7.2433
7.9717
5.2779
4.0464
2.7415
3.0045
5.1479
4.1120
3.4599
7.3725
4.9125
2.6154
3.2264
4.6704
5.9291
7.5827
7.5139
4.5458
5.3503
7.2658
6.3747
5.4270
5.0833
3.8456
1.0142
3.9017
3.0333
7.1885
0.5370
8.7784
11.7923
2.3675
6.5369
2.2569
4.5384
4.3909
1.2145
2.0171
3.0645
6.9784
4.5315
8.0207
4.6036
8.5144
3.3417
6.5991
8.3751
6.4389
0.8166
2.7137
4.2412
2.4358
5.7356
2.6032
8.7010
4.3964
5.5246
8.0475
3.6991
5.6424
4.8075
4.7002
3.8311
7.2584
1.3237
4.5692
9.5318
4.0661
7.6665
6.3654
5.8429
2.6509
5.3127
6.4075
4.2738
2.0695
7.6908
4.2088
1.3219
3.7127
5.5386
8.8660
3.8265
4.5766
7.6679
4.4610
4.2371
5.7146
3.5582
5.0486
4.2797
5.7874
3.5843
1.8835
5.1577
5.7519
6.6572
6.6284
5.4491
3.7285
1.1803
6.5702
1.6024
6.4285
4.5175
2.8524
4.0799
6.5015
2.9436
5.4034
5.3127
6.1765
2.7973
8.4679
5.9261
5.5039
3.8661
7.2313
8.2561
6.8094
6.3778
4.9836
8.2396
4.0746
2.7422
4.7046
4.1610
5.0201
5.4860
5.9965
5.9508
3.9149
2.5366
5.8359
4.6802
4.1522
7.3722
5.6604
6.6791
5.2553
2.0602
7.4139
3.0247
2.1080
6.1978
3.5941
5.7343
3.1351
7.5096
8.8597
6.3326
2.2518
2.5957
6.1816
3.5271
3.9642
7.4937
7.3712
4.4949
6.6571
6.5798
5.2392
4.8004
7.6973
5.8555
5.0048
1.2766
8.9304
3.6019
6.2442
3.4444
3.1857
5.9058
6.3816
7.5083
1.8141
2.3277
5.3811
6.2356
5.6233
2.3473
4.3565
4.6802
4.2966
6.6593
7.3402
4.6339
5.2051
4.6637
3.0829
4.6315
3.9286
1.4617
6.6154
5.8999
3.5896
5.2357
4.1125
4.3171
5.7323
2.9399
7.0332
7.4158
1.7047
5.5227
4.3130
2.5414
4.7836
3.6345
4.0583
3.2499
7.4278
5.8026
7.5573
4.6779
5.5675
4.5018
5.2491
5.6427
4.7477
5.4752
7.3418
4.2707
5.8973
3.3177
6.8717
6.5318
6.9550
9.2871
7.4804
3.4617
6.0596
4.1805
13.4838
3.0081
3.2803
4.9771
4.8377
5.5841
4.0085
6.9440
7.5621
7.7634
7.7734
6.0362
5.4167
6.1061
5.9037
5.8200
6.3732
3.4436
5.9551
6.0778
3.2710
6.2772
4.6781
10.0515
6.4798
0.1812
5.1927
4.2639
7.8301
5.4546
6.9961
3.1633
1.3562
4.8853
6.2824
7.3363
3.2961
6.0398
5.4076
1.4864
2.6344
2.3086
2.6153
3.8106
3.5379
4.0747
6.0924
3.5843
5.6885
7.3151
7.6725
1.1137
8.7048
6.9514
1.7023
6.4255
4.9009
1.9327
4.3143
5.0398
4.3706
6.8760
5.8213
5.1636
7.7522
5.6814
0.7725
3.9543
7.8041
7.4406
4.5055
5.0541
0.0000
7.5728
7.8066
5.8796
4.4325
7.2168
5.8644
2.2590
8.5765
1.6994
5.0103
5.0056
4.4971
7.1445
3.6462
3.6150
4.0059
6.5987
6.6990
4.8200
2.2716
4.3924
5.0175
6.6648
7.7025
5.6151
4.3226
3.1124
6.3379
5.5759
3.1359
2.7303
3.2022
7.3325
1.2750
2.5424
4.9089
3.0819
5.3619
3.7549
5.6114
7.3613
6.5249
4.7330
4.3413
5.3918
2.7497
6.1546
6.1612
4.0626
7.6780
7.2046
4.8972
5.4086
2.7846
3.2898
7.3851
7.9295
4.7430
6.5198
4.3843
5.9936
2.6824
4.4955
6.6884
7.2110
5.5529
4.2328
6.8374
8.1693
2.6434
6.0027
4.7465
6.0975
4.3320
3.9230
4.0071
3.3017
5.4268
5.0710
1.9592
8.4869
3.7939
4.5143
6.5751
7.8045
8.5486
6.9371
1.2264
3.8397
4.3952
7.7439
1.5754
1.3227
2.9853
7.0742
3.5471
6.2198
3.7609
6.9682
6.8993
4.5958
5.1618
1.9461
7.2068
2.1998
2.5283
8.2906
3.2753
5.8556
2.6034
5.3251
3.2359
2.2186
7.4027
4.1870
7.2268
5.6721
10.4635
3.7922
1.2384
5.0002
5.9762
9.6574
5.7975
5.5274
7.5024
1.1432
5.0261
4.1577
4.7049
3.6630
0.3959
4.5851
4.7548
0.4411
5.6079
8.5971
6.1911
8.4126
4.8212
6.7495
4.3303
8.6482
3.5576
5.8452
6.0994
3.7429
4.8445
6.5486
8.9016
6.8570
5.1543
4.5177
4.6653
2.0792
4.9031
3.6827
5.4981
4.6928
3.6771
5.7990
4.7656
2.5967
7.5937
6.6632
5.3638
0.5936
0.4182
0.4914
5.0961
5.3654
5.7778
5.4180
4.1403
4.0374
6.0213
4.4661
7.0125
4.3166
4.0101
2.5699
5.4246
6.1234
2.8273
4.6128
6.3211
4.8967
1.7288
4.3986
5.5371
8.0872
5.9765
4.9762
3.3186
4.4749
4.9927
6.2800
4.1928
6.8447
7.7691
2.6290
3.2472
5.8087
7.3614
3.9912
4.1978
5.2465
3.7416
5.6350
3.7777
1.3911
5.5213
7.1042
8.6490
6.7362
5.4269
4.7199
0.9177
3.7527
3.4991
3.6306
5.9083
4.4835
8.2469
3.8794
1.4410
5.0636
5.3674
6.5526
3.5042
5.2607
2.6099
4.1703
4.7752
8.0970
5.1168
4.9862
5.9304
4.3282
3.9952
4.7675
6.8291
3.8554
3.8670
3.2690
6.1527
5.9987
2.6841
5.2806
3.9345
7.1810
3.4118
2.3016
4.6535
11.0672
2.7656
6.9729
2.5282
5.4493
6.1681
5.9041
8.4740
6.5904
5.4673
3.9073
0.8544
6.0710
3.7155
1.4894
5.8757
6.6276
6.0232
9.4577
7.2623
3.9974
3.4507
4.3985
7.3486
5.6177
6.9729
4.7011
5.6651
4.3362
3.8809
7.7165
4.2411
5.4623
3.8757
8.3279
6.1904
5.6301
5.9923
4.9400
3.3429
4.3072
9.1270
4.4054
6.5955
4.4651
5.3054
6.7997
5.1773
5.5500
6.6158
3.0563
3.9144
2.9215
4.7688
6.6033
0.5536
5.1193
5.1041
7.7908
6.5308
2.1484
4.6948
6.2889
3.9956
7.3419
5.8116
6.2334
7.3138
7.1477
5.4443
5.6349
2.4312
5.7905
4.5277
6.5722
2.9287
6.1054
4.3530
3.9062
4.2512
5.0520
4.0427
9.4927
6.5196
5.8632
2.4764
0.8874
3.5874
3.5419
3.6170
3.4647
4.0001
5.0840
5.0826
5.4105
4.3614
3.1662
6.4623
5.0187
6.6552
7.2980
5.3343
2.7992
9.3098
8.2244
6.8510
5.6864
4.5877
4.6065
4.6008
3.6709
4.9264
1.0112
4.4018
5.3580
4.6164
7.8135
2.8357
7.2066
5.1134
4.2953
6.2822
5.5107
3.5154
2.9281
6.7103
6.1529
8.5433
5.6499
5.6354
2.4682
1.7622
5.6528
2.1940
7.4028
6.7126
6.1228
8.9816
1.9920
2.1784
6.3058
3.9248
9.5651
4.1851
6.9811
5.6322
5.6195
4.2971
5.7581
2.7113
0.6058
4.5562
5.3431
5.2204
2.7022
4.9709
3.0367
4.6088
5.3432
7.1469
3.1641
5.0881
5.1326
8.6811
8.0845
5.1904
4.6201
0.0000
6.5546
4.7991
6.9648
3.9493
7.7119
5.1849
6.4782
6.3759
6.6699
1.7054
1.2342
4.9035
5.2178
7.6305
3.9602
2.6441
6.9905
4.9506
0.9404
1.5168
9.6247
6.8157
2.7171
5.4782
0.6119
6.5474
7.2504
7.5094
7.3511
4.3440
7.0649
4.6409
6.6642
8.8484
3.1195
8.5683
6.5712
5.6606
6.4348
4.9602
4.2017
3.2070
4.1385
6.6760
5.9424
7.0335
6.4191
6.9431
7.9940
6.2951
4.4644
6.7164
1.7185
4.7277
3.5999
3.0023
6.0102
5.2562
3.5244
2.9360
4.7062
5.9039
5.9997
2.5924
5.8969
7.9076
4.3190
5.6233
5.6309
8.0832
5.3157
1.5451
6.2105
6.7843
9.7754
8.0998
5.1584
2.8564
5.7013
1.4707
6.0936
2.2569
2.9204
5.3172
6.7124
8.9686
3.4378
4.6026
4.5172
4.6253
5.2849
7.0959
2.8662
4.9005
5.7793
5.8105
8.5123
4.5500
3.2372
5.3419
2.2092
3.1512
2.6430
5.2786
6.3180
4.5300
8.3758
6.0631
3.7004
6.6195
7.7560
4.6450
0.8875
2.4824
5.9118
2.5244
5.0482
5.4588
7.0604
1.9409
3.7505
2.1846
4.9313
4.8055
5.1918
8.8496
5.0710
1.1889
3.1583
6.2101
7.7712
5.3246
3.3214
0.9044
5.5190
0.8910
3.7795
2.6281
5.7295
3.3899
4.4752
5.0632
3.7052
3.4896
5.2931
4.6409
4.1412
5.1608
4.9528
0.3662
6.4590
4.5015
6.6087
2.3759
3.6174
8.6982
6.7999
4.9700
4.0693
2.8739
1.2058
3.6566
3.9813
2.8275
6.0511
5.5248
1.2036
3.5582
2.6849
7.0422
7.7921
5.8394
3.5601
4.5374
6.8309
6.7006
4.8221
7.4945
4.2298
4.8609
1.2934
7.9755
5.1452
3.4741
2.6003
0.0000
4.6086
4.2936
2.0386
5.5935
1.7602
2.8395
3.6623
3.5299
3.5918
10.4114
3.0626
3.2849
4.5693
3.2932
7.9734
4.1163
4.0137
8.2353
4.7643
4.7616
6.5982
5.5526
5.9448
3.0002
6.5961
7.9957
3.0016
4.1358
4.7596
0.5096
5.9218
5.6625
6.7507
6.8218
5.8205
7.8535
2.9794
7.9086
5.7819
4.3096
7.7937
5.2126
3.8717
4.8179
4.8072
5.4106
5.6050
3.9269
3.7091
6.5588
9.1695
6.3090
9.4429
10.2834
7.1631
4.6668
5.5695
7.7076
5.0444
3.5592
3.8539
5.3547
3.6155
4.3430
4.9016
3.8722
3.5251
8.0916
6.6119
6.2324
3.0353
4.7787
6.8412
7.1269
4.7076
8.4758
1.5814
3.4185
6.5691
5.0696
6.2234
7.1345
1.6764
3.6116
6.5285
5.7218
5.4106
6.8976
8.6938
4.4035
6.2129
2.3242
5.4777
1.9928
5.1465
2.5174
6.1554
5.5674
8.9972
5.5597
7.6880
6.6088
5.2432
6.1433
6.5699
2.5710
4.4869
5.3672
1.3770
4.3100
3.1403
6.4004
6.2014
0.2363
4.6914
8.2392
4.0083
5.1783
2.7522
5.7615
5.6216
6.2150
6.9360
4.4627
7.4754
5.7447
4.0035
5.3484
1.9264
2.6482
6.1929
8.4139
4.3979
6.0440
2.7863
4.5340
7.1920
4.9540
3.4161
4.7720
4.7068
4.8762
3.2310
5.0803
8.9381
5.5247
2.2303
2.1736
1.7539
5.7600
5.5545
5.5301
7.3489
5.3961
4.5148
5.3081
4.7457
3.0605
3.5264
6.0991
5.6900
6.9212
6.2369
3.8103
4.0174
6.4174
5.3013
3.6342
10.4940
7.7114
4.8234
7.1071
2.8578
8.0881
2.8332
5.0123
4.5774
5.9475
5.0655
7.1462
6.9498
4.6514
2.8787
4.6546
4.7758
3.5297
5.5215
6.4903
4.6014
7.0801
1.9255
1.6649
5.3196
1.5455
2.8514
2.9357
2.0151
4.2580
8.5185
4.7088
3.2798
8.4400
6.5650
5.6951
8.9660
6.7680
3.8513
3.3340
5.3931
8.6399
2.9582
2.8560
5.3024
7.3003
10.0677
3.7936
3.8837
3.8852
4.7574
5.7670
2.6689
4.5818
6.2624
8.3818
3.1883
5.4713
5.2419
6.0524
5.5301
5.3322
5.5651
3.8570
3.5721
2.7310
4.0795
1.0737
2.1246
5.3921
3.8206
5.3076
3.1949
4.5135
9.0496
4.6118
6.2645
4.4447
4.1450
5.6416
7.7600
0.5579
2.4432
6.5755
4.7075
5.4731
1.7302
3.8230
6.5620
3.9843
6.8517
6.8340
5.6165
6.1822
6.8272
2.4705
5.3481
3.9957
5.3347
1.4738
6.3541
1.5140
4.1233
4.7683
3.0332
5.5817
4.8136
4.6887
5.4448
4.4013
7.1828
4.8902
2.6080
9.7387
7.7682
3.9349
3.2737
7.8663
5.7534
2.2105
4.5183
3.8380
8.5421
2.7536
5.3049
4.9296
3.2265
6.0309
4.1572
9.5406
5.1853
5.0499
4.5032
3.2385
6.4447
4.2747
5.6915
6.6425
3.2765
4.9672
6.3338
7.0583
3.8092
5.8193
2.5182
4.7261
3.4474
10.2578
4.0859
6.8330
5.3195
5.4021
2.3379
2.5918
6.9036
3.3958
6.9177
4.1857
4.1093
1.8513
2.8565
3.4489
6.7657
4.5127
6.1538
3.4952
6.2023
4.6345
2.7633
5.2108
1.8657
5.5231
6.5989
1.1605
1.0793
7.6331
4.1458
2.1952
2.8978
9.2644
4.5096
5.8920
9.9207
3.9361
2.2722
6.6812
5.0859
5.4561
5.5602
3.1986
4.9048
4.2408
4.2244
6.5387
4.0847
4.7781
8.7341
6.3225
2.9263
0.8640
5.8253
5.1746
4.8523
7.1398
5.6137
4.9249
3.3070
6.0787
1.3157
3.0863
7.1163
6.2721
5.0672
0.9991
5.6983
4.1629
3.2536
3.4911
6.9747
8.0065
4.1188
0.0000
1.6422
5.3865
5.6238
5.3091
2.1956
6.5875
1.7243
4.2761
7.0954
6.7963
7.8855
5.8623
5.5965
1.3505
3.9132
3.1735
2.6019
5.2843
5.3458
5.5360
6.1925
7.2131
4.7595
5.2882
5.3136
5.3484
6.9609
3.2537
4.2410
6.7058
8.6701
3.9988
4.4733
6.4577
7.1188
4.8875
3.0257
6.3943
9.3655
5.1891
7.2872
4.0244
1.0746
6.2496
4.6629
6.6482
3.0824
5.5475
8.0115
6.0863
2.8851
1.7562
9.2020
5.7712
2.1891
4.4631
4.2252
6.3425
3.0512
7.5731
3.6844
5.0077
4.1851
3.0735
5.8883
5.0617
3.2210
4.6627
5.2126
3.2751
4.4461
3.3911
4.4717
3.6927
4.4874
6.0209
7.5291
3.2708
5.8370
5.3522
3.2396
3.4122
5.0418
2.8173
3.0447
6.1972
3.5310
1.6446
4.5700
4.3135
3.4014
7.9799
4.5950
3.6254
7.2686
6.5462
5.3789
7.3287
4.9468
6.5553
2.4615
5.0209
5.8979
6.3026
6.3951
6.5058
5.4793
0.6017
5.8387
2.9584
5.1958
3.2701
5.3392
6.3027
4.9550
4.8119
5.5790
7.8816
4.1127
8.2034
0.0000
7.1340
6.6731
4.6383
5.9140
7.8405
8.0697
1.7728
6.2895
5.9365
3.4015
4.0231
6.5231
3.7289
5.7872
1.1714
1.6893
4.5550
5.5058
3.9710
3.7998
8.6856
5.2600
4.9299
1.9801
8.7346
5.1192
6.4057
5.0876
8.2334
4.3793
4.1422
4.7525
6.4901
5.2499
6.0215
5.3630
6.0893
3.9464
7.3344
3.6126
10.7178
6.3202
4.7428
5.6164
4.2703
6.3758
3.0853
6.6545
2.5145
7.0580
6.1741
2.6201
8.4025
5.8461
6.2637
4.7599
7.5338
5.9166
4.4820
5.9234
6.6851
4.7329
1.8070
5.7959
5.6346
5.6403
6.4259
4.6242
8.0438
6.3563
3.9895
7.0265
5.8206
3.7547
9.9649
5.7714
1.1081
3.6246
3.1146
8.6788
4.9922
4.9961
4.8616
5.4844
8.0107
9.9075
3.1381
5.7431
7.2861
0.0000
5.1889
8.8032
5.7505
2.5428
6.4942
3.1810
3.7332
3.7508
6.8739
5.9055
6.5574
3.6041
3.0093
2.0872
9.2502
3.5962
4.9843
6.6121
5.9475
1.9479
5.3276
4.7736
5.0290
1.8851
1.9592
2.9175
2.8448
0.2287
5.5752
3.5760
6.7844
2.3166
3.7895
1.9149
5.2073
4.6470
3.2481
2.7588
4.0864
6.0734
6.5501
4.5349
6.1531
8.0130
4.8529
8.2759
4.6347
5.4852
3.0448
5.2888
6.4336
6.0726
3.9471
1.6814
7.2922
8.2167
3.2629
3.4840
6.2253
5.0790
8.4795
6.7486
0.4863
7.7708
5.4587
2.5729
6.8204
1.6313
0.0000
7.3107
4.8507
6.6865
3.4310
2.8004
3.8538
4.5438
6.0609
4.9201
6.5230
8.4808
8.4024
3.2987
6.5442
3.5865
4.6497
4.6981
3.8291
7.2610
5.2492
3.7652
0.7953
4.8742
6.2376
6.1207
6.6818
1.9767
3.7179
7.1045
3.7577
3.2140
2.2469
6.6305
2.2481
4.8502
3.2101
3.8599
1.1734
2.8780
3.0603
4.9714
5.8130
4.7054
3.0196
7.2030
5.3935
4.8662
5.4735
7.9529
5.4375
6.9429
4.0955
3.6355
3.4045
3.0455
5.6479
2.9154
6.8593
3.3562
2.2278
4.8303
4.1811
3.0965
7.2435
4.0886
6.3044
2.9430
6.8917
3.9697
5.1474
3.1734
3.4915
9.8171
7.0669
3.0654
3.1879
4.9630
5.3982
2.9105
6.4191
5.1671
6.3025
3.4043
1.3417
7.2849
4.6474
3.8045
2.5717
4.9072
5.5971
6.1077
4.2302
4.1490
5.8565
2.1604
6.2872
3.3200
5.2533
7.5038
5.2973
7.3123
3.5769
3.4013
3.8633
3.6987
7.0225
5.6190
7.9182
1.4450
3.9762
5.5659
6.6403
3.3512
3.6455
4.1842
6.1233
5.1188
6.9068
6.0932
6.4630
8.6925
6.7332
4.9661
3.5683
7.7523
7.0288
5.4455
5.3945
2.6808
7.2393
5.5119
5.6400
4.1316
5.7649
4.3810
6.5559
5.5098
2.2114
5.5799
4.5439
3.9461
6.2018
6.4706
6.5239
0.7712
6.3553
4.4143
5.4977
4.8141
4.5925
4.0722
8.8013
3.8587
5.2171
5.6525
1.3894
2.1308
6.0062
8.8871
3.4311
5.6446
6.9496
10.3094
6.5271
6.8772
6.1933
7.4469
0.3362
4.8418
7.1277
3.3660
7.7561
3.4717
3.7958
7.3030
2.0643
6.9841
5.4109
5.0830
2.8134
4.1075
3.7280
6.3893
3.9210
7.7492
2.7104
2.6089
6.7851
6.9028
3.1489
6.7006
5.1604
4.2940
6.8367
2.7778
2.3804
4.9078
7.4309
2.2080
3.3622
4.0245
5.8279
4.6136
5.5848
5.1029
8.0522
7.7402
6.0815
4.3291
9.8986
5.0559
6.6332
5.3652
6.9495
1.6808
1.8698
2.5496
6.0409
8.0144
4.3293
7.3733
6.4881
0.9734
6.0115
2.5394
3.3245
6.2934
4.0601
10.2612
5.2680
2.9835
7.4785
6.4802
4.0769
1.6316
6.2857
4.2885
1.0854
4.8880
2.8131
2.1287
4.5985
6.0150
1.8620
3.6968
3.9287
1.8206
6.2720
5.1757
5.3338
3.0443
5.7897
3.6964
1.1213
